72 180
G123187006782 92
C656187121606 62
M165182098749 34
N825182619040 15
H177189146812 100
D430188700155 62
K892187118673 15
T792184574407 38
E822185422001 16
K434184664850 62
K397180256288 71
Y289183941327 100
C880186903386 35
R389187389631 54
W232187173434 16
H725189628778 27
R245183280081 53
A583189684858 19
Y410185048079 86
V459181306016 19
I300181490325 63
G630185034119 13
U328186358586 73
Y667188519715 51
Q615184391001 94
K653189945449 50
Q684189151689 94
O635185549330 35
Q225186084580 86
Z470187481915 27
J307183965379 90
T117185778784 91
M101181575185 60
Y458181154930 17
J631189001090 71
J173183845948 64
U712186942671 16
L620186308381 64
U973181723771 52
K329188278766 90
M327181098811 11
A547181979670 79
X416180034372 33
V195181658624 73
R492184676748 100
J235188045661 39
L826188421573 39
G410188383922 35
C130183742311 33
V798188085218 90
V912186232226 18
U860189244987 81
T826188956347 9
B511186404595 63
I150188850135 11
S519187804332 32
Q788185732407 73
I653188118206 16
J209187390923 91
J635189020358 10
X765185220963 79
X761189699241 5
F875187697754 54
P223187251951 14
D939188003876 17
X704185927056 26
W818185787621 83
T362180257976 81
C403186938299 93
L870180195742 31
Z536188993109 61
N887185706002 10
3 015338
2 967
1 Q
2 676
1 L
1 D
2 468
3 031445
2 449
2 291
2 358
2 505
2 476
3 032484
3 012092
3 008822
3 029002
2 272
3 005503
2 904
3 002930
1 O
1 R
3 021423
3 001533
3 008383
1 D
3 027031
1 N
3 006825
1 S
1 Q
2 185
2 469
2 389
2 389
2 979
1 L
1 J
3 020576
1 Q
1 Z
3 032588
1 M
1 X
3 029076
1 E
3 005682
2 780
1 S
1 B
1 S
3 015353
3 008889
3 029986
1 I
1 A
1 P
1 H
2 537
1 K
1 G
1 Z
2 644
2 339
2 111
2 866
2 443
3 007721
1 K
2 150
2 903
2 377
1 L
2 459
2 342
2 181
3 016509
2 747
1 L
1 P
3 028636
1 M
1 S
3 016342
1 C
2 683
1 J
1 W
1 T
2 586
3 000616
1 I
1 N
1 P
2 362
1 D
3 020173
1 S
1 B
2 765
3 022629
2 500
3 016810
1 J
1 P
1 E
2 535
2 373
1 W
1 I
2 162
3 018276
1 L
1 O
3 019100
2 297
2 823
3 025647
1 K
1 R
1 G
1 U
3 014808
3 032099
2 540
2 309
1 S
3 014893
1 G
1 K
2 360
3 004704
2 182
1 T
2 697
3 002127
3 020504
2 774
1 V
3 015059
2 771
3 007283
1 Q
1 Q
1 B
2 909
1 I
1 J
3 016284
1 L
3 029403
1 U
2 165
3 009407
3 021067
1 R
1 R
1 T
1 B
2 866
3 028387
2 424
1 G
1 E
1 U
2 623
3 012517
1 R
3 002005
2 345
1 Q
3 026544
1 T
2 130
3 010139
2 265
1 M
1 V
2 113
