55 221
1 4 170
1 6 407
1 10 35
1 15 276
1 18 152
1 21 463
1 28 320
1 41 266
1 50 412
2 10 197
2 11 42
2 13 300
2 21 467
2 23 484
2 29 343
2 30 455
2 32 139
2 46 11
2 48 426
2 50 358
2 54 417
2 55 381
3 8 496
3 13 454
3 16 123
3 19 280
3 23 375
3 30 26
3 35 19
3 40 446
3 47 236
3 51 375
3 54 400
4 14 361
4 17 415
4 38 3
4 41 374
5 6 336
5 11 42
5 13 15
5 20 476
5 24 309
5 25 157
5 28 299
5 30 206
5 31 274
5 34 251
5 44 161
5 46 336
6 8 406
6 16 381
6 21 168
6 23 222
6 28 162
6 29 364
6 37 107
7 29 217
7 32 49
7 40 497
7 42 85
8 10 141
8 13 20
8 16 273
8 17 149
8 19 446
8 22 1
8 26 228
8 31 48
8 33 255
8 38 40
8 41 269
9 14 283
9 16 130
9 17 473
9 28 489
9 34 17
9 39 426
9 46 473
9 48 5
10 19 106
10 22 55
10 24 225
10 37 123
10 45 71
10 50 411
10 54 485
11 14 130
11 28 125
11 30 175
11 42 71
11 54 114
12 13 208
12 16 356
12 24 372
12 30 250
12 36 322
12 38 66
12 39 280
13 15 285
13 20 383
13 49 163
13 54 487
14 16 2
14 21 99
14 27 369
14 32 229
14 40 47
15 19 210
15 22 467
15 23 40
15 24 449
15 27 445
15 30 158
15 32 259
15 33 92
15 42 26
16 17 105
16 23 239
16 30 91
16 43 218
16 48 428
17 20 39
17 42 460
17 44 85
17 46 157
17 53 91
18 19 266
18 29 284
19 23 4
19 24 22
19 32 181
19 33 250
19 42 100
19 50 170
20 23 63
20 55 34
21 26 74
22 32 41
22 47 306
22 52 32
23 24 449
23 35 314
23 36 390
23 39 250
23 52 165
23 53 113
24 27 252
24 29 273
24 34 403
24 37 489
24 39 173
24 40 336
25 26 327
25 31 20
25 40 184
25 45 199
25 46 419
26 33 452
26 37 214
27 55 76
28 31 206
28 40 219
28 53 434
29 33 19
29 38 441
29 48 81
29 51 251
30 31 150
30 39 397
30 46 244
30 50 138
30 52 423
31 32 135
31 39 306
31 45 320
31 49 228
31 52 254
32 38 379
32 40 413
32 49 111
33 34 391
33 41 180
33 49 451
33 51 292
34 38 333
34 43 296
34 44 271
34 50 316
34 52 115
35 53 98
36 40 247
36 44 134
36 48 58
36 55 201
37 42 439
37 50 484
37 53 390
38 55 394
39 51 421
39 52 348
40 43 140
40 45 117
40 54 218
41 45 243
41 53 115
41 55 226
42 48 474
42 51 111
44 48 479
44 53 339
44 54 326
45 46 196
46 47 365
46 52 77
47 54 321
48 49 248
48 50 183
51 53 496
52 54 306
53 54 138
54 55 480
