900 2989
1 229 2257
1 381 3035
1 418 2014
1 486 454
1 541 636
1 591 388
1 875 2871
2 97 3246
2 106 2480
2 121 308
2 171 3573
2 259 1594
2 300 43
2 303 1100
2 331 1190
2 791 2864
2 837 4078
2 870 4006
3 119 4271
3 483 4829
3 547 3854
3 681 2307
3 877 2387
4 171 680
4 324 1902
4 452 2554
4 472 940
4 746 532
4 785 68
4 789 984
4 843 4097
5 205 2115
5 300 371
6 159 2126
6 179 867
6 236 4341
6 509 4116
7 192 4631
7 308 4994
7 432 1632
8 89 3496
8 176 4434
8 186 3109
8 219 3991
8 539 3510
8 716 1866
8 832 2821
9 177 4057
9 200 4448
9 287 4162
9 506 3926
9 644 639
9 666 3286
9 733 629
9 783 2475
10 12 4251
10 261 4263
10 387 2433
10 405 1369
10 797 117
10 801 1716
10 864 2500
10 868 1957
11 432 866
11 627 1365
11 747 3160
11 755 1026
11 863 3874
12 35 1604
12 70 4573
12 84 4784
12 247 1238
12 444 109
12 448 770
12 544 2616
12 864 4284
13 160 4568
13 208 2736
13 231 881
13 492 2588
13 624 4512
13 850 863
14 49 300
14 191 2709
14 237 1687
14 268 3706
14 273 686
14 306 521
14 351 4305
14 412 3215
14 586 2281
14 615 3334
14 625 3038
14 734 3222
14 888 2199
15 36 3043
15 46 3665
15 101 1774
15 137 2765
15 597 3163
15 843 1122
16 20 3941
16 72 1798
16 100 4674
16 287 4954
16 460 876
16 484 4611
16 562 4068
16 664 1558
16 789 3759
16 865 4282
17 342 1287
17 507 1731
17 688 862
17 696 1732
18 205 3769
18 540 4982
18 669 1928
18 884 2529
19 47 3220
19 73 1007
19 104 4480
19 194 3341
19 703 3069
19 714 101
19 784 2974
20 580 3013
20 647 1865
20 832 2288
20 869 3985
20 892 4360
21 381 3743
21 403 1740
21 443 3413
21 493 4351
21 525 2480
21 596 1083
21 694 3592
21 808 2989
22 128 3507
22 229 3512
22 238 4423
22 396 1295
22 427 4042
22 529 4933
22 835 3321
22 897 1676
23 71 8
23 99 228
23 193 2763
23 264 984
23 369 4192
23 542 3955
23 555 604
23 645 2388
23 735 751
23 836 1466
23 884 1412
24 83 2774
24 140 4312
24 209 1564
24 240 4458
24 242 845
24 525 2155
24 537 2828
24 541 1384
24 559 3298
25 421 4856
25 557 620
25 636 2296
25 666 161
25 874 3964
26 29 1859
26 77 1666
26 129 1628
26 136 4216
26 164 689
26 306 263
26 366 1095
26 435 2465
26 509 1130
26 675 2313
27 226 1977
27 448 665
27 748 2706
27 898 4840
28 241 1271
28 250 3879
28 416 1590
28 612 931
28 626 824
28 751 4869
28 865 2700
29 103 3974
29 189 817
29 487 4453
29 631 2292
29 640 1459
30 74 1430
30 81 1183
30 333 1155
30 340 4343
30 396 2883
30 676 59
30 682 357
30 885 4026
31 144 4471
31 693 1748
32 81 977
32 140 35
32 198 280
32 210 102
32 211 1390
32 303 2893
32 304 1456
32 407 2108
32 424 2630
32 619 1006
32 895 1936
33 91 2899
33 136 1296
33 322 3093
33 391 288
33 459 2043
33 786 3592
34 67 4531
34 185 764
34 541 4015
34 559 4801
34 573 4043
34 597 1420
34 626 3277
34 839 438
35 121 4733
35 198 2793
35 317 4574
35 491 3325
35 512 4675
35 627 3062
35 647 4402
36 348 4483
36 661 1479
36 736 1283
36 872 2652
36 889 1593
37 86 1563
37 476 1947
37 631 1504
37 709 1686
37 713 423
37 760 1838
38 90 1125
38 306 1737
38 358 2082
38 369 103
38 484 4901
38 710 3935
38 826 4652
38 846 4514
39 54 3764
39 279 2611
39 494 2933
39 645 3415
39 649 4366
39 729 610
39 795 1490
39 816 3037
39 850 4843
40 173 4815
40 222 4288
40 286 934
40 431 2204
40 841 1820
40 853 1294
41 112 2800
41 253 1168
41 500 4290
41 594 2837
41 654 2292
41 710 4379
41 763 3553
42 63 4395
42 384 4885
42 487 1837
42 506 49
42 715 2139
42 844 3827
43 81 4994
43 516 1645
43 720 2174
44 188 1798
44 215 4923
44 322 1119
44 738 531
44 762 3757
44 768 3894
44 810 72
44 848 1644
45 203 2525
45 205 3725
45 259 3724
45 412 141
45 667 4331
45 783 4103
46 48 128
46 201 2428
46 295 96
46 306 2127
46 398 667
46 434 2976
46 563 4240
46 697 4775
46 720 1541
46 755 1992
46 796 193
47 246 720
47 248 770
47 308 2335
47 348 354
47 460 3415
47 559 3596
48 97 2977
48 210 2620
48 394 179
48 641 1420
48 665 31
48 842 304
48 888 4195
49 96 1935
49 269 1577
49 310 913
49 336 2464
49 355 275
49 369 516
49 391 4010
49 561 175
49 604 2109
49 868 2860
50 71 302
50 198 2344
50 223 1670
50 336 1255
50 385 2397
51 68 2729
51 195 4807
51 571 4408
51 579 429
51 657 155
51 766 2273
51 870 4729
52 62 2447
52 163 2011
52 196 2134
52 354 1823
52 363 3764
52 415 609
52 426 858
52 766 2068
52 776 3965
53 227 826
53 427 520
53 475 180
53 876 870
54 137 232
54 147 154
54 161 2652
54 166 2526
54 285 3198
54 333 379
54 384 747
54 437 3308
54 461 4181
54 495 4721
54 506 2600
54 600 3968
55 99 73
55 123 2163
55 325 1029
55 327 3935
55 433 437
55 648 4706
55 693 3811
55 744 2623
56 441 952
56 694 2431
56 730 3063
56 801 4940
57 246 3903
57 472 4675
57 656 4816
57 883 86
58 91 1312
59 391 658
59 474 532
59 537 3252
59 539 2556
59 548 4374
60 88 277
60 120 3287
60 154 706
60 156 2870
60 189 2789
60 514 347
60 519 31
60 539 1813
60 622 1888
60 662 1557
60 697 644
61 139 837
61 191 4505
61 267 4302
61 435 1417
61 543 1829
61 663 2443
61 689 4440
61 759 3244
61 764 1449
61 890 2428
62 485 3102
62 566 3116
62 572 1292
62 755 1633
63 259 1147
63 262 2568
63 271 2012
63 635 3306
63 782 2427
63 809 3277
63 855 2400
64 117 3063
64 158 1533
64 187 1830
64 582 779
64 772 881
64 789 3105
64 791 348
65 75 3429
65 116 4477
65 153 161
65 235 364
65 359 935
65 801 864
67 148 2762
67 320 146
67 542 3675
67 553 4381
67 615 1450
68 141 3266
68 200 4159
68 334 1414
68 526 4753
68 550 102
68 592 2293
68 663 4241
68 755 563
68 804 1866
69 220 568
69 257 4028
69 360 1531
69 404 2293
69 426 1081
69 561 4721
69 576 1536
69 613 2332
69 614 3853
69 663 1142
70 157 71
70 164 3168
70 531 4752
70 743 469
70 788 1466
70 839 304
71 405 4815
71 435 3284
71 457 2580
71 672 714
72 116 4744
72 199 1993
72 212 3221
72 276 4934
72 373 2196
72 450 3379
72 652 3372
72 892 4730
73 302 4638
73 359 4101
73 362 1867
73 425 3590
73 595 4282
74 137 4389
74 251 61
74 380 4655
74 509 4179
74 617 4430
74 732 776
74 827 2932
75 116 1664
75 510 1334
75 697 3755
75 752 703
75 891 1049
75 893 757
76 87 4377
76 197 1673
76 217 2395
76 262 2671
76 477 1113
76 676 1724
76 728 291
77 105 1678
77 278 1019
77 403 3595
77 722 2037
78 316 991
78 583 3858
78 621 4236
79 266 1016
79 269 1595
79 520 2612
79 576 4936
79 653 2916
79 771 941
79 830 1509
80 139 1632
80 190 2062
80 234 629
80 295 4300
80 341 4510
80 402 4856
80 625 2188
80 768 1173
81 116 2536
81 160 208
81 185 2309
81 349 2663
81 355 1801
81 461 4032
81 488 424
81 808 4623
81 833 3299
82 111 913
82 121 1346
82 388 2826
82 398 2476
83 140 1573
83 192 1605
83 207 2605
83 220 1063
83 242 238
83 297 2032
83 342 2365
83 492 1051
83 548 2544
83 559 2068
83 845 3006
84 472 3556
84 574 2487
84 609 4005
84 801 551
85 174 3174
85 238 4756
85 670 4329
85 738 595
86 209 2576
86 291 2333
86 586 4133
87 215 1357
87 218 2037
87 318 4333
87 346 571
87 623 4592
87 647 4722
87 717 50
88 94 4674
88 166 2918
88 345 1217
88 793 1590
88 837 985
89 115 4075
89 336 867
89 370 4107
89 383 966
89 492 3014
89 536 4050
89 867 2177
90 500 3232
90 513 3235
90 576 1962
91 269 311
91 399 3644
91 559 4196
92 432 547
92 597 1130
93 173 2488
93 246 1644
93 460 4239
93 606 4749
94 273 402
94 383 3339
94 527 495
94 537 3365
94 583 450
94 774 2154
94 796 828
95 131 2460
95 384 3607
95 425 1627
95 538 3287
95 633 4598
95 793 332
96 133 969
96 139 3385
96 157 1865
96 493 1041
97 148 3418
97 193 2150
97 407 3201
97 429 737
97 621 512
97 667 4714
97 802 2194
98 234 395
98 335 2072
98 387 2148
98 547 1071
98 570 4060
98 596 1171
98 708 4306
98 746 1476
99 339 1653
99 342 451
99 495 2694
99 631 1377
100 121 4160
100 127 3702
100 335 1128
100 793 2717
101 322 778
101 460 105
101 811 4075
101 834 20
102 325 2570
102 370 4404
102 695 563
102 785 395
102 836 2818
103 132 1871
103 248 530
103 288 437
103 417 4
103 435 243
103 486 2300
103 759 753
104 116 1343
104 209 534
104 574 680
104 583 4497
104 687 923
104 820 3919
104 847 3072
105 143 2327
105 483 664
105 679 4630
105 683 617
105 785 931
105 804 433
106 132 584
106 151 4793
106 183 2951
106 245 547
106 388 189
106 759 4535
107 202 1352
107 327 1934
107 387 3691
107 694 4584
107 843 715
108 249 2706
108 301 710
108 340 2157
108 394 2552
108 408 3482
108 750 706
108 865 98
109 166 1592
109 499 1578
109 789 408
110 300 3993
110 421 693
110 460 2922
110 465 1221
110 577 1405
110 588 1183
110 636 1583
110 669 4340
110 770 4436
110 789 534
111 197 4688
111 293 2867
111 340 3314
111 449 3381
111 566 4242
111 718 214
112 178 1323
112 395 4713
112 403 82
112 470 3818
112 494 3994
112 641 4763
112 799 1394
112 884 4222
113 394 3222
113 396 1607
113 402 2559
113 425 3473
113 428 2139
113 532 1868
114 116 441
114 226 1359
114 549 284
114 574 103
115 130 1345
115 466 2272
115 505 3221
115 527 4021
115 547 1301
115 807 3469
115 845 976
116 279 1552
116 405 382
116 413 3485
116 848 2867
117 142 4561
117 485 1381
117 556 4328
117 576 1865
117 705 2918
117 817 839
117 862 643
118 178 242
118 187 2858
118 200 1783
118 238 83
118 604 2312
118 708 1614
118 736 2335
118 752 4705
119 154 2225
119 221 3410
119 308 266
119 351 1540
119 369 4261
119 401 972
119 721 4863
120 217 615
120 259 3731
120 388 785
120 428 2903
120 503 3755
120 826 1862
120 838 4188
121 127 2414
121 265 3697
121 391 1269
121 437 3702
121 462 124
121 470 4442
121 622 2797
121 684 661
121 833 3343
121 863 1967
122 191 2485
122 265 1164
122 278 2604
122 616 673
122 838 3748
122 891 1534
123 279 2281
123 586 2653
123 860 2266
124 188 3125
124 294 1631
124 316 4235
124 463 1352
125 126 756
125 233 1334
125 275 1678
125 567 4663
125 609 2248
125 666 1383
126 265 1582
126 354 1794
126 482 2139
126 490 3080
126 500 4077
126 519 2789
126 557 1397
126 593 868
126 763 2250
126 828 4601
126 839 4846
127 145 953
127 428 3511
127 429 661
127 704 2465
127 737 1506
127 800 1522
128 134 3768
128 391 715
128 417 2005
128 573 2098
128 660 4530
129 479 1596
129 641 1341
129 675 3659
129 771 735
129 821 3731
130 178 836
130 187 909
130 311 2370
130 360 4632
130 482 1734
130 485 3262
130 580 2889
130 795 508
130 879 953
131 199 2481
131 210 2086
131 372 354
131 392 975
131 397 4659
131 428 4463
131 544 3571
132 158 2837
132 359 464
132 494 175
132 829 1204
132 879 587
133 334 3174
133 538 3355
134 403 2446
134 461 2002
134 672 3610
134 694 3376
134 699 3942
135 151 3877
135 489 2649
135 609 4688
135 627 3475
135 789 3272
135 876 1508
136 139 967
136 210 3490
136 584 1519
136 868 1830
137 197 4527
137 599 3647
137 816 3619
138 312 916
138 438 3777
138 548 1706
138 588 2063
139 230 3452
139 384 4967
139 414 2345
139 545 1533
139 566 3549
139 614 3162
139 730 4238
140 413 1922
140 824 3475
141 165 1789
141 261 2901
141 475 31
141 664 2889
142 155 4795
142 568 2010
142 654 781
142 795 1502
143 190 100
143 297 1770
143 379 4893
143 593 1327
143 888 1458
144 167 709
144 245 3657
144 301 2583
144 312 2929
144 366 2942
144 468 49
144 622 4763
144 831 4392
144 893 572
145 161 4606
145 223 1867
145 442 1188
145 495 1051
145 506 1693
145 531 2263
145 703 2586
145 814 3811
145 822 571
146 361 1304
146 410 4409
146 571 4231
146 721 928
147 153 2638
147 197 818
147 454 3145
147 535 4754
148 168 2138
148 315 3778
148 404 3105
148 764 618
148 859 3068
148 865 3073
149 154 3041
149 195 632
149 370 2441
149 476 2873
149 651 1574
149 890 2141
150 237 107
150 292 116
150 481 2413
150 605 759
151 337 3043
151 429 3167
151 487 113
151 758 3959
152 200 4128
152 339 609
152 362 1712
152 394 1716
152 641 1769
152 689 4026
152 792 3005
152 864 2464
152 891 2174
153 180 1782
153 309 3345
153 442 2812
153 461 2976
153 574 1834
153 583 372
154 165 4058
154 351 1772
154 587 3066
154 592 4162
154 612 4393
154 790 4490
154 877 3031
155 305 4672
155 388 736
155 837 1334
155 896 83
156 480 1916
156 545 336
156 751 4114
156 763 2573
156 810 1496
157 229 915
157 276 976
157 623 2998
157 663 4919
158 161 3353
158 196 626
158 324 620
158 331 4521
158 398 4657
158 573 2684
158 686 1370
158 851 4009
159 221 3196
159 225 49
159 469 3687
159 810 3097
159 822 4511
160 358 560
160 468 2991
160 499 4600
160 536 4545
160 635 4762
160 810 515
160 819 3643
161 645 2950
162 299 2804
162 480 72
162 504 899
162 528 134
162 562 1617
162 579 3667
162 618 4615
162 787 548
162 823 1680
162 857 2992
163 295 3392
163 425 1953
163 513 3182
163 730 4509
163 898 4198
164 301 1305
164 321 1697
164 484 1686
164 491 4584
164 556 1826
164 667 4592
165 206 546
165 331 2406
165 579 1681
165 670 2860
165 717 1288
165 766 1201
165 808 4720
165 860 115
166 446 1886
166 447 632
166 455 2913
166 458 1882
166 484 3799
166 671 82
166 862 856
167 547 1797
167 665 2705
168 200 1322
168 221 3300
168 253 1055
168 330 1223
168 875 1982
168 896 2572
169 283 4167
169 360 4107
169 502 3025
170 228 3164
170 605 903
171 480 2659
171 516 3770
171 672 2678
171 831 4055
172 255 1526
172 284 1168
172 348 384
172 799 4470
172 837 174
172 847 475
173 275 4751
173 286 4606
173 330 3346
173 359 3886
173 374 4106
173 718 619
173 764 2017
173 775 3486
173 785 4150
174 400 2534
174 524 2101
174 567 3762
174 634 2030
174 771 614
175 242 836
175 257 4807
175 262 1772
175 301 2662
175 647 939
175 664 3647
175 669 4575
175 701 4049
175 727 692
175 829 2157
176 232 521
176 274 4168
176 292 3266
176 332 3241
176 486 3702
176 749 1073
176 790 2760
176 803 403
177 211 535
177 224 3520
177 236 3455
177 411 4784
177 604 4644
177 710 4031
177 883 4532
178 249 2207
178 309 286
178 357 4637
178 391 4201
178 614 1496
178 871 1464
178 879 3282
179 288 4025
179 489 4286
179 544 754
179 604 1374
180 231 2627
180 566 4693
180 612 4822
180 747 1241
180 781 450
180 842 854
180 899 566
181 195 1130
181 335 4065
181 378 4854
181 402 2900
181 699 3433
181 746 423
182 323 4627
182 471 1470
183 217 2850
183 258 1166
183 553 3576
183 565 677
183 725 2639
183 862 3051
184 243 4142
184 293 1932
184 356 3335
184 376 1527
184 600 2492
184 633 906
184 682 2560
184 792 3255
185 337 1650
185 821 2327
185 858 970
186 203 1743
186 222 1051
186 230 1243
186 356 1905
186 482 3315
186 487 2352
186 501 249
186 686 3561
186 794 2178
186 899 1783
187 345 4769
187 422 2878
187 651 3828
187 815 1375
188 308 1695
188 740 4899
188 752 2294
189 266 4510
189 352 747
189 624 4644
189 891 1814
189 894 4014
189 895 4035
190 204 754
190 216 3567
190 237 1184
190 456 1913
191 468 551
191 582 737
191 589 726
191 672 3241
192 222 368
192 240 3977
192 799 2036
192 857 2258
192 889 4066
193 297 3076
193 362 4080
193 439 3314
193 786 3856
194 344 2669
194 375 1754
194 378 3576
194 484 1798
194 782 486
194 846 877
195 509 3180
195 644 1141
195 846 909
195 847 815
195 857 4751
195 891 1022
196 324 1439
196 562 4658
196 577 745
196 745 4180
197 862 3064
198 332 2985
198 368 3433
198 390 990
198 415 1519
198 431 1932
198 652 2740
198 698 4431
198 852 4961
198 891 4798
199 215 2321
199 231 1934
199 505 1194
199 541 3817
200 282 2230
200 399 4798
200 459 3609
200 533 2097
200 674 1652
201 397 986
201 410 3796
201 411 4927
201 461 2485
201 477 1312
201 487 887
201 716 1754
201 746 382
201 824 319
202 621 3256
202 686 2005
202 690 4647
203 332 2108
203 445 4162
203 813 3556
203 832 106
204 323 1719
204 448 1350
204 564 1083
204 654 228
204 876 884
205 250 239
205 374 2518
205 409 4345
205 491 2081
205 548 3703
205 685 4826
206 276 2496
206 315 2493
206 410 4691
206 414 1938
206 514 3759
207 441 4551
207 556 1197
208 311 2832
208 532 2363
208 611 2376
208 617 1965
208 787 4625
208 819 4760
208 836 1317
208 895 473
209 226 2935
209 486 936
209 503 1976
209 575 3127
209 680 811
209 681 412
209 749 4364
210 316 3336
210 501 3725
210 802 4480
211 550 2793
212 409 112
213 779 4936
213 802 1367
214 217 206
214 334 4562
214 746 4907
214 837 4965
215 475 1853
215 823 3441
216 273 4324
216 301 4925
216 371 688
216 464 3452
216 489 3498
216 581 589
216 632 3533
216 898 2135
217 268 3751
217 338 1796
217 412 2452
217 598 4428
217 676 3062
217 779 1745
217 814 3481
218 780 2529
218 843 2146
219 335 975
219 507 1868
219 648 4346
220 333 3040
220 558 1296
220 643 363
221 462 1208
221 707 4389
221 736 954
222 294 147
222 400 1704
222 522 182
222 595 3034
222 668 3611
222 769 3250
222 784 1256
223 351 4831
223 484 275
223 608 83
223 688 2075
223 863 477
224 400 1450
224 561 76
225 227 1092
225 240 2841
225 503 1724
225 637 800
225 678 2077
225 711 1105
225 717 1242
225 803 484
226 552 3972
226 610 1090
226 613 3221
226 716 3974
227 371 4437
227 413 527
227 488 530
227 816 2853
228 246 4077
228 363 177
228 404 2293
228 545 772
228 546 2503
228 635 420
228 802 1301
229 312 1897
229 777 3429
229 880 1656
230 370 3194
230 727 4459
230 746 3991
230 871 1554
231 382 2862
231 476 4516
231 596 2018
231 651 402
232 257 4621
232 344 2472
232 511 2837
232 557 4408
232 792 3035
233 350 4925
233 365 4194
233 669 3343
234 446 293
234 616 2775
234 850 966
235 253 276
235 527 985
235 856 2471
235 857 2409
236 290 924
236 437 4949
236 459 824
236 460 3973
236 503 4689
236 705 3364
236 722 3416
236 860 1993
236 900 1826
237 278 842
237 313 1737
237 323 2560
237 412 2607
237 430 509
237 549 213
238 322 2657
238 363 3923
238 503 1165
238 757 1433
238 800 661
239 362 1251
239 554 1174
239 622 2392
239 777 810
240 648 4384
240 666 2154
240 706 144
241 350 334
241 477 4298
241 646 339
242 364 3531
242 405 1066
242 657 2360
242 766 44
243 463 1752
243 616 589
243 819 2111
243 862 4878
244 342 1333
244 384 929
244 473 2679
244 481 1523
244 582 3168
244 789 1139
244 896 631
245 372 4109
245 711 3039
245 798 4248
245 889 2644
245 892 709
246 322 1753
246 354 4676
246 503 3910
246 574 1025
246 619 3188
246 643 545
246 692 829
246 705 3302
246 753 2804
246 887 2751
247 346 2498
247 350 4620
247 619 4774
247 761 4104
247 860 158
248 333 3842
248 349 957
248 359 1772
248 807 3187
248 869 1962
249 254 2458
249 263 2144
249 357 2941
249 477 4017
249 506 2048
249 570 2395
249 604 3009
249 880 3556
250 312 2788
250 414 2710
250 452 4499
250 570 4195
250 885 4604
251 563 1297
251 601 479
251 799 1984
251 821 3237
251 839 2025
251 866 537
251 892 2341
252 255 3019
252 269 4898
252 563 4742
252 597 1663
252 894 1766
253 263 1225
253 369 4077
253 519 866
253 570 546
253 621 4531
253 816 680
253 853 2564
254 263 3688
255 329 4098
255 546 867
255 631 4682
255 697 2040
255 753 124
255 898 1393
256 600 1745
256 618 1542
257 281 3143
257 312 1553
257 464 837
257 616 2811
257 754 30
257 835 3914
257 869 4178
258 355 1591
258 446 1879
258 499 413
258 524 3360
258 575 3512
258 735 3718
258 758 4701
258 783 3919
258 852 3427
258 887 2091
259 276 4783
259 316 1230
259 400 598
259 798 2411
260 325 173
260 425 4578
260 553 4362
260 719 4511
260 806 49
260 871 1988
261 266 826
261 408 1336
261 508 3750
261 806 2049
262 423 707
262 445 2015
262 507 4288
262 555 1774
262 556 4900
262 579 2458
262 629 1807
263 497 3435
263 577 2103
263 672 3492
263 770 2491
264 293 3447
264 304 3166
264 321 1703
264 358 2151
264 378 1883
264 774 746
265 327 3443
265 500 4253
265 579 4788
265 784 1761
266 287 2769
266 333 3762
266 611 3137
266 667 1970
266 675 64
266 685 3430
266 691 1858
267 553 671
267 785 4626
267 799 3469
268 286 3376
268 332 587
268 380 3858
268 594 1324
268 811 4013
269 552 3612
269 761 2868
269 839 3688
269 849 763
269 868 3093
270 451 2358
271 370 3450
271 541 4817
271 649 3719
271 686 3875
271 736 2692
271 749 1095
271 900 1952
272 740 1384
272 785 3087
272 786 1505
272 835 1694
273 563 2147
273 693 3932
274 472 346
275 415 1445
275 743 723
275 893 4221
276 467 4605
276 597 1824
276 681 1002
277 310 2445
277 342 1808
277 406 1516
277 529 130
277 608 668
277 615 4195
277 893 1155
278 449 3500
278 482 387
278 500 938
278 665 569
279 555 1931
279 841 1093
280 399 1715
280 447 3453
280 460 1112
280 501 585
280 595 163
280 655 2323
281 477 2725
281 582 4949
281 664 1253
282 342 409
282 472 4157
282 488 3262
282 799 2239
283 622 2106
283 657 2989
283 672 1278
284 300 1081
284 306 2777
284 456 2948
284 619 395
284 841 4038
284 894 2040
285 448 4099
285 606 3782
285 620 1997
286 416 3639
286 596 2079
286 725 3207
286 848 206
287 640 4864
287 660 122
287 661 2632
287 858 2035
288 381 236
288 502 1336
288 559 1699
288 687 1678
288 765 2116
288 818 2006
288 883 4764
289 670 1862
290 309 1532
290 368 233
290 435 489
290 530 1643
291 450 4006
292 439 3443
292 706 1071
293 395 4384
293 603 1098
293 738 4689
293 794 1566
293 830 878
294 629 565
294 715 4540
294 727 523
295 306 1799
295 414 2216
295 425 1107
295 452 178
295 600 2931
295 752 1266
295 756 905
295 855 35
296 448 2659
296 450 652
296 495 4896
296 540 2582
296 643 494
297 390 1559
297 426 69
297 570 4363
297 585 551
298 322 4379
298 355 3244
298 558 4114
298 620 414
298 848 769
298 858 1463
299 469 1472
299 549 466
299 642 1697
300 392 2681
300 491 4443
300 538 2138
300 808 2214
301 372 3171
301 377 753
301 548 363
301 553 3534
301 664 2041
301 787 4244
302 534 441
302 764 2646
303 395 137
303 409 1922
303 430 2255
303 466 3766
303 794 784
304 767 3810
305 365 1527
305 394 246
305 399 4173
305 498 284
305 820 3830
306 451 2818
306 587 2680
306 779 1706
306 802 1742
307 441 4879
307 467 3786
307 554 803
307 558 1964
307 745 1980
308 320 357
308 374 4384
308 405 1105
308 665 570
308 681 3860
308 781 2476
308 800 2145
308 848 639
308 899 1442
309 343 940
309 835 1333
309 896 185
310 448 242
310 493 4588
310 537 3430
310 715 2801
310 811 1524
311 326 223
311 382 2190
311 427 2447
311 486 3130
311 524 3758
311 651 4845
311 720 2491
311 858 356
312 720 2718
312 762 504
312 810 2639
312 864 898
313 541 1343
313 594 2147
313 656 4032
313 735 3695
314 319 4242
314 484 3915
314 538 2031
314 546 1275
314 599 3524
314 682 367
314 761 2445
314 830 3549
315 826 1309
316 403 3924
316 552 1400
316 775 3437
316 790 2540
317 602 597
317 735 821
318 417 3191
318 612 2568
319 338 3889
319 604 3768
319 802 1456
319 838 172
320 520 4516
320 523 4876
320 840 2801
320 849 1396
320 868 2617
321 439 905
321 446 1362
321 450 4330
321 474 2704
321 823 2027
322 454 1595
322 587 109
322 634 399
322 747 174
324 521 1059
325 338 4116
325 750 413
325 886 577
326 782 4990
326 784 4433
326 837 381
326 892 68
327 328 2532
327 384 3636
327 396 2536
327 522 3335
327 626 4795
328 331 584
328 366 1579
328 374 3335
328 390 4739
328 401 4062
328 498 2424
328 784 479
328 862 4311
329 549 91
329 597 1177
329 738 809
329 763 212
330 430 4647
330 554 2483
330 767 1495
331 382 2454
331 457 2321
331 701 275
332 359 2512
332 490 4499
332 618 4252
333 384 84
333 447 636
333 845 2824
334 492 4989
335 409 3074
335 527 4893
335 791 3239
336 383 2083
336 553 1537
336 772 4550
337 436 3562
337 635 4558
337 648 1846
337 678 989
337 683 2964
338 446 2751
338 522 2023
338 654 750
338 878 2162
339 357 952
339 375 926
339 427 1173
339 497 663
339 800 2575
339 827 2604
340 605 2573
340 663 3313
340 839 2020
341 376 1051
341 588 4458
341 830 1787
342 428 3393
342 614 1164
342 627 4239
342 775 1527
342 823 2249
343 380 1383
343 414 765
343 567 2134
343 586 2951
343 618 1617
343 879 2231
344 397 1010
344 565 1361
344 602 2210
344 620 2990
344 640 4881
344 851 3274
345 355 487
345 474 881
345 490 4430
345 568 2280
345 802 1780
346 513 1781
346 561 355
346 640 1254
346 724 617
346 784 2158
346 834 2844
346 835 1186
347 745 2366
348 349 2602
348 360 1662
348 519 2485
348 528 12
348 546 1644
348 671 1861
348 704 2570
348 768 3655
348 812 1631
349 814 898
350 408 2553
350 602 4573
350 644 1862
350 657 3266
350 725 4745
350 835 4496
351 420 2331
351 527 507
351 812 2447
352 392 3398
352 483 1898
352 671 1868
353 358 1771
353 389 4549
353 679 2433
353 704 4685
353 751 1902
353 796 2480
354 368 4973
354 635 4857
354 719 4179
354 828 1467
354 872 688
355 398 23
355 458 72
355 484 1527
355 528 1909
355 743 1051
355 776 700
355 883 3387
356 504 2006
356 553 489
356 648 4823
356 685 3417
356 721 3448
357 376 86
357 410 1434
357 516 1997
358 400 4259
358 413 1076
358 619 1381
358 709 2071
358 716 2490
358 839 4129
358 865 145
359 433 395
359 452 589
359 587 3994
359 610 3710
359 868 278
360 433 1009
360 489 3983
360 665 3726
360 784 3365
360 816 1718
361 424 2407
361 450 328
361 465 2071
361 676 3190
361 756 1509
361 829 1293
362 435 1825
362 476 2751
362 776 3718
363 560 2647
363 876 3783
363 894 4717
364 380 1659
364 592 561
364 673 4592
364 763 1506
365 668 2766
366 403 3322
366 548 1563
366 749 4649
366 753 1549
366 826 698
366 864 4840
367 406 3293
367 432 773
367 459 4230
367 561 2172
367 686 146
367 830 928
367 883 4740
368 538 2333
368 832 3588
368 873 4928
369 445 3885
369 571 4982
369 730 2869
369 742 32
369 835 3485
370 429 266
370 890 22
371 395 3371
371 408 3481
371 471 3219
371 746 2407
371 809 3055
372 779 1186
372 869 1892
373 433 4275
373 471 4270
373 523 1147
373 609 1772
373 651 1157
373 700 900
373 733 1207
373 822 1104
373 832 2183
374 402 4068
374 417 3253
374 470 2499
374 671 3478
374 871 485
375 441 1477
375 492 4821
375 606 779
375 711 576
375 785 3395
375 835 168
377 618 4195
377 637 2686
377 645 2787
377 877 556
378 625 4673
379 698 2850
379 710 531
379 849 4908
380 499 4065
380 559 472
380 632 4709
380 707 2909
381 405 1059
381 536 1216
381 648 3704
381 707 448
381 864 4244
382 467 1296
382 489 3582
382 840 1776
383 506 276
384 523 162
384 706 4893
385 537 854
385 704 2101
385 780 3341
386 526 2702
386 594 2237
386 633 3707
386 649 4641
386 659 4192
386 672 2992
386 763 1877
387 414 3945
387 509 1293
387 672 2533
388 515 1259
388 593 3121
388 651 3315
388 894 3383
389 464 3610
389 736 1297
389 737 3534
389 880 2808
389 894 3870
390 660 864
390 670 736
390 732 3152
391 592 1041
391 649 4592
391 731 3847
391 814 3858
392 422 1978
392 446 2718
392 683 4041
393 450 295
393 606 2830
393 831 563
394 445 2054
394 632 4701
395 440 3423
395 464 3033
395 529 3999
395 683 1049
396 426 1557
396 699 2233
397 451 1189
397 510 645
397 726 2101
398 534 1654
398 608 3682
398 641 2871
398 712 4239
398 751 1400
398 791 3619
398 871 3797
399 500 4494
399 750 356
399 776 4402
399 826 2377
400 678 1756
400 794 3670
401 475 1112
401 575 2517
401 598 1505
401 848 3058
401 880 1044
402 448 4475
402 585 4344
402 675 2488
402 797 221
403 411 1504
403 467 3669
403 595 1954
403 817 43
403 890 2164
404 815 4610
405 723 719
405 862 3668
406 407 2531
406 492 2968
406 608 3207
406 762 1165
406 815 635
407 543 3575
407 868 4979
408 501 2589
408 559 3001
408 644 2578
408 686 2033
408 828 2904
408 843 3427
409 463 2189
409 717 2006
409 749 2129
409 798 2154
409 829 1335
409 835 4235
410 639 3127
411 423 1961
411 459 1428
411 503 926
411 640 1239
411 665 1547
412 564 4647
412 634 4287
412 816 1165
413 563 3578
413 611 3432
413 693 2561
414 446 3418
414 597 2505
414 659 4457
414 866 1703
415 570 800
415 617 4489
415 663 4878
416 418 4622
416 450 1823
416 611 2124
416 893 3734
417 441 1644
417 466 1651
417 604 2071
417 767 4664
417 824 4725
417 875 3489
418 477 1541
418 509 2522
418 616 855
418 694 3236
418 843 1934
419 475 1506
419 661 1208
419 811 1749
419 879 2807
420 560 418
420 802 3755
421 701 574
422 881 1722
422 883 1075
423 536 4519
423 674 3660
423 805 3668
424 520 32
424 535 3100
424 580 3950
425 488 3829
426 883 4959
427 807 2478
427 853 617
428 451 1673
428 542 1875
428 682 4138
428 833 3410
428 864 587
429 696 3199
429 813 2145
430 668 2276
430 698 3902
431 488 398
431 582 4869
431 614 511
431 622 3620
431 877 2087
432 691 1573
432 737 749
433 441 1686
433 455 3918
433 465 2398
433 649 932
433 735 2948
433 829 4106
433 856 648
433 863 3165
434 513 2054
434 568 4505
434 772 4765
435 712 3900
435 818 5
435 839 1693
435 857 1428
436 460 2962
436 467 3620
437 763 125
437 767 1473
437 838 3888
438 560 735
438 617 1284
438 727 4882
438 886 2278
439 482 4062
439 601 2565
439 692 576
439 790 2030
440 470 3728
440 594 4525
440 770 1761
440 830 4602
440 831 252
441 475 4356
441 736 805
441 791 1270
441 840 1532
443 585 536
443 735 87
444 552 2889
444 620 3334
444 717 4584
444 870 2674
445 577 4555
445 606 3543
445 702 3468
445 803 2720
445 848 2647
445 853 3443
446 646 2749
446 849 3639
447 538 227
447 545 512
447 670 234
447 688 4672
447 880 3761
448 565 2723
448 573 390
448 641 1006
449 486 3731
449 841 1717
450 595 1980
450 686 3806
450 695 3662
450 713 2334
450 775 2131
450 791 3951
451 636 226
451 689 4107
451 700 2967
451 875 2602
453 710 4792
453 785 1875
454 491 3161
454 518 1575
454 547 3248
454 632 1943
454 699 762
454 779 257
456 567 3542
456 675 1763
456 724 3269
456 774 4054
457 495 1353
457 500 241
457 614 1569
457 690 3402
457 858 3687
458 600 2815
458 647 4693
458 667 1306
460 677 4817
460 763 1991
461 655 4000
461 790 3114
462 475 4034
462 789 1464
463 873 2712
464 696 148
465 493 564
465 623 3048
465 874 4256
466 863 2669
467 606 448
467 612 1052
467 699 3424
468 563 3611
468 644 542
468 745 2896
468 779 168
469 735 804
469 749 2877
469 759 2656
469 786 765
470 719 4092
470 787 3038
470 855 550
471 484 3813
472 645 1239
472 772 4730
472 828 555
473 637 4619
473 744 2472
473 868 1374
473 871 119
474 504 3092
474 542 3617
474 607 932
474 665 2886
474 667 4138
475 510 842
475 540 2456
475 556 2233
475 601 3786
475 742 928
476 524 4635
476 621 1710
476 719 59
476 770 260
477 573 2935
477 646 2924
477 694 1665
477 819 3365
478 523 2184
479 556 4762
479 584 3135
479 777 2602
479 804 3214
480 548 1248
480 570 2657
480 607 186
480 739 3131
480 853 708
480 863 4713
480 889 2849
481 605 4976
482 493 4629
483 656 1769
483 748 3752
483 843 23
484 805 497
485 517 4016
485 536 522
485 624 4598
485 639 3030
485 665 2980
485 854 710
486 525 970
487 574 1042
487 727 4198
487 806 1096
487 844 1408
488 627 4975
488 634 1086
489 492 1813
489 797 2718
489 873 488
490 499 2798
490 553 1958
490 728 4171
490 818 928
491 773 2636
491 854 454
491 892 1573
492 531 4261
492 629 225
493 521 3307
493 545 3712
493 585 4399
493 894 3611
494 615 118
494 680 1809
494 701 2978
495 635 2279
495 676 3653
495 704 4230
496 760 1346
496 820 2677
497 879 1085
498 571 2728
498 596 834
498 612 3238
498 616 1566
498 687 1765
498 763 449
498 828 3868
499 828 2527
499 857 4665
500 520 2243
500 813 4202
500 845 392
501 506 2689
501 509 3371
502 814 1566
503 581 245
503 698 747
504 606 2765
504 667 1376
504 778 1904
505 577 1119
505 649 3362
505 705 840
506 515 1617
506 568 4581
506 864 2580
507 781 354
507 803 2343
507 827 3805
507 842 4100
508 634 743
508 656 3567
508 871 525
508 880 1693
508 893 2356
509 522 1609
509 578 348
509 691 1481
509 785 4147
510 794 843
510 851 2581
511 840 4631
512 585 4346
513 539 1009
513 579 3562
514 554 4015
514 574 1774
514 663 1302
514 766 1008
514 789 3044
515 559 1180
517 564 193
517 580 1087
518 661 587
518 761 561
518 780 279
519 583 2923
519 685 4761
519 794 328
519 896 1541
520 637 4648
520 654 116
520 685 1476
521 596 1603
521 624 2725
521 651 534
521 709 3524
521 768 1229
521 777 4143
521 817 569
521 884 2797
522 567 2726
522 622 578
522 651 4734
522 802 507
522 880 3380
523 537 2171
523 803 2833
523 870 2966
524 872 3054
525 698 2139
526 588 2214
526 732 2075
527 558 4232
527 589 4521
527 697 1694
527 708 4841
527 721 3249
527 789 3334
527 894 787
528 563 4341
528 582 1091
528 654 1996
528 664 1677
528 673 2279
528 838 3919
529 569 1554
529 645 1263
529 698 4481
529 727 3621
529 855 3946
530 624 4341
531 894 2349
532 556 2561
532 563 2170
532 641 1774
532 661 2746
532 816 666
533 663 4746
533 723 3756
533 781 1706
533 886 383
534 611 1881
534 654 2538
535 649 130
535 734 1572
535 878 2035
536 541 3281
536 565 1069
537 560 656
537 701 4428
538 555 3155
538 630 4624
538 662 4291
538 701 4547
538 723 4332
538 729 1311
539 546 4251
539 642 2547
539 687 2668
539 898 1115
540 726 821
541 851 3631
541 869 2409
541 881 43
541 891 3045
542 560 134
542 580 563
542 687 3063
542 688 2445
542 738 3888
542 852 342
543 567 3427
543 626 3919
543 774 3044
543 866 2775
544 567 1466
544 587 2006
544 782 790
544 795 682
545 613 4109
546 770 1515
547 593 2535
547 873 370
547 896 4844
548 583 3966
548 621 3211
549 610 2000
549 655 282
549 899 144
550 565 2421
550 878 2669
551 572 1100
551 810 3674
551 853 1950
552 608 1311
552 801 4178
552 803 832
552 890 968
553 627 708
553 628 1711
553 889 882
554 593 1714
554 685 294
555 564 883
555 680 1641
555 847 2605
556 755 1476
557 604 3899
559 583 313
560 745 2483
561 694 4625
561 821 2720
562 839 4758
563 637 936
563 747 4453
563 845 1537
563 857 2631
564 685 96
564 709 3494
564 779 2303
564 866 2061
564 888 107
565 694 2592
565 708 420
565 799 1394
566 574 4761
566 706 1633
566 735 999
567 698 77
567 723 4589
567 724 4467
567 734 4917
568 897 4829
569 675 3704
569 727 979
569 790 268
570 617 3904
570 728 3367
570 750 629
570 884 2003
571 647 1672
571 661 500
571 701 610
571 886 3265
573 577 1940
573 650 1034
573 695 1131
573 697 1522
573 841 170
573 898 2570
574 586 2901
575 579 1605
575 600 2834
575 612 3501
576 587 3328
577 723 2313
577 772 376
577 773 4956
577 896 2886
578 737 3795
579 669 520
580 780 848
581 691 4917
581 815 694
581 846 3241
581 851 2776
582 619 335
582 898 3553
583 636 1014
583 680 2712
583 839 3951
584 614 61
584 766 4796
584 879 119
584 892 413
585 635 1032
585 720 58
585 787 3332
586 849 4080
586 869 1270
587 644 4503
587 846 3461
587 859 3793
587 878 1837
588 619 1985
588 738 3818
589 630 1629
589 660 1876
589 826 3230
590 726 457
590 754 2378
590 851 3214
590 889 3568
591 628 4012
591 694 2953
592 745 2476
592 846 2772
593 660 998
594 683 1550
595 611 3718
595 820 2342
596 611 3137
596 745 4775
596 774 3954
596 792 2622
597 717 755
598 898 258
599 802 952
599 844 4433
600 632 3346
600 690 2043
601 657 4907
601 684 4729
601 893 1169
603 739 901
603 837 3450
603 870 717
603 881 1126
603 898 399
604 609 1236
604 635 4728
604 741 779
604 887 4647
605 647 956
605 682 4076
605 716 3748
605 761 3771
606 613 4118
607 755 1117
607 785 1066
608 761 1869
608 877 854
609 791 1278
610 732 2482
610 816 1796
611 647 4778
611 659 3400
611 732 3239
612 641 2147
612 661 1801
612 702 2306
612 723 4347
612 899 1779
613 693 535
613 722 1572
613 756 2807
613 789 534
613 798 1012
613 868 3864
614 673 4894
614 728 4096
615 622 2609
615 719 3850
615 741 3856
615 883 129
617 633 2025
617 741 1953
617 839 2832
618 726 4596
619 777 2621
619 790 2106
619 834 1101
620 756 4683
620 775 1619
620 893 3619
621 798 3216
621 814 639
622 706 2385
622 727 1302
622 789 174
622 796 1042
623 647 401
623 652 4024
623 692 349
623 848 4460
624 898 2768
626 748 4497
626 868 582
626 878 1299
627 636 4732
628 693 124
628 740 4768
629 773 3046
629 815 2594
629 838 2293
630 687 380
630 727 3347
631 682 460
631 736 3718
631 783 687
631 814 2207
632 658 2789
633 694 3781
634 717 3186
634 797 2270
634 880 2126
635 678 1595
636 638 3067
636 662 3554
636 710 3142
636 859 3931
636 864 1342
637 675 823
638 811 1430
639 830 1448
640 734 4994
640 857 2416
640 875 4148
640 889 2296
641 854 2207
641 878 3027
641 881 4060
642 679 216
642 711 1293
643 672 3728
644 677 738
644 698 286
645 718 1798
646 778 144
646 862 2407
647 648 1071
647 654 4890
647 691 3243
647 698 3438
647 737 2204
648 673 2321
648 685 4242
648 694 2754
649 703 1820
649 745 3827
649 853 1565
649 880 3595
650 655 254
650 863 2069
651 879 1787
652 670 3688
652 722 536
653 762 695
655 790 922
655 893 324
658 861 2803
658 864 3316
658 875 2802
659 803 1938
659 809 3320
659 815 821
659 862 4219
660 859 173
661 784 2039
661 825 4384
662 674 4234
662 716 3736
662 806 2241
663 705 905
663 892 266
665 760 4125
666 712 3674
666 823 7
667 725 4846
667 777 4387
667 782 94
667 796 4304
668 854 1612
668 867 2492
669 870 906
670 678 3475
670 732 1615
670 804 3883
672 679 4481
672 820 3904
677 749 33
677 881 1485
681 765 324
681 796 127
681 847 1823
682 754 500
682 840 4101
682 875 3807
683 738 432
683 757 1392
683 846 3469
685 763 2682
686 862 1364
688 711 2510
689 768 3147
690 729 1438
690 739 1885
691 803 634
691 858 288
692 744 4762
692 773 3939
692 848 3780
693 796 1816
693 885 4290
694 751 4426
694 773 3664
694 869 2029
694 889 4840
695 892 4601
696 708 3680
696 728 3338
696 736 1753
696 867 2287
696 888 2675
697 731 3159
699 745 390
699 879 4673
700 757 3129
700 790 2821
700 819 590
700 845 677
701 752 519
701 803 4130
701 851 3104
703 862 4495
704 718 1546
704 725 139
705 771 4625
706 740 80
706 771 3230
706 884 4404
707 806 2525
708 789 1539
708 888 1108
709 786 2097
709 835 3581
710 792 1174
712 721 2723
712 828 1067
712 876 369
713 784 274
713 880 4055
713 897 9
714 742 1677
714 769 4107
714 836 4725
715 822 625
715 867 3620
717 805 3943
717 891 971
719 750 2418
719 774 3497
719 781 4971
719 875 1983
720 840 2330
720 861 4933
720 898 4380
721 776 2394
721 800 1559
721 808 1926
721 837 3548
722 790 1191
724 761 2294
725 824 1098
727 768 2558
728 876 2263
729 875 2840
730 779 776
730 802 4134
731 782 426
732 846 1601
733 878 28
735 896 3220
737 804 4940
738 753 3318
739 886 1699
739 899 2272
744 797 724
745 746 1815
747 756 4882
749 783 3365
749 811 708
749 835 2474
750 783 4902
750 804 3966
751 791 2932
751 866 2367
751 898 2240
752 816 1938
753 793 6
755 806 1550
757 847 3314
759 761 1691
759 791 4683
759 805 317
761 891 2069
763 790 3838
766 874 2531
768 861 3300
770 786 2646
770 830 4216
772 817 1064
772 818 1361
773 821 2130
773 885 2631
775 806 1001
775 887 2378
779 839 4309
780 847 3933
782 811 2063
782 858 3988
783 881 3048
783 886 2825
786 835 3816
786 844 1355
790 866 3554
794 842 3523
799 884 1869
799 889 1396
800 878 1586
801 869 2164
802 898 3150
804 857 879
804 894 1666
805 822 4815
805 899 371
807 816 4905
807 873 3458
808 858 370
808 859 536
809 830 1328
809 841 3784
816 827 4739
816 893 4671
817 822 4791
819 854 1301
819 865 1612
821 872 2291
821 874 4373
822 853 909
823 873 1615
824 862 590
824 898 217
826 885 1737
826 893 535
833 847 812
834 882 1851
837 847 848
842 891 4198
843 890 1199
852 890 2662
856 893 1629
857 884 1181
860 884 4191
860 893 3229
871 898 1109
874 882 858
877 889 2286
877 898 2699
877 899 2487
881 896 4134
888 897 2782
889 891 3347
