1500 5979
1 585 1526
1 833 3036
1 1375 1024
1 1397 1667
1 1456 1625
2 151 3204
2 204 1054
2 206 2101
2 214 408
2 283 3621
2 369 1593
2 455 1207
2 529 2014
2 596 4819
2 880 834
2 1116 4845
2 1162 4642
2 1205 1349
2 1230 4915
2 1407 1814
2 1452 4942
2 1472 1117
3 440 2913
3 458 4849
3 580 3408
3 968 4268
3 982 1904
3 1187 3928
4 400 1969
4 591 166
4 658 3735
4 1182 4623
5 23 308
5 236 4078
5 555 4263
5 798 4281
5 963 4227
5 1077 4774
5 1124 497
5 1259 4323
5 1369 1236
6 230 1873
6 342 2032
6 442 3174
6 518 4955
6 808 4552
6 865 2611
6 948 767
6 1061 2276
6 1076 4726
6 1162 1424
7 328 661
7 500 2915
7 781 2875
7 890 777
7 1046 4846
7 1068 1331
7 1252 4644
7 1362 451
8 203 3446
8 330 3853
8 338 3837
8 844 1147
8 1123 71
8 1210 2349
9 163 2406
9 748 3784
9 1113 4351
9 1117 2187
9 1122 3009
9 1183 2455
9 1286 2564
9 1310 4999
9 1377 3359
9 1421 3971
9 1472 29
10 88 122
10 265 2070
10 391 3483
10 482 814
10 508 1456
10 970 4915
10 984 4109
10 1186 2349
10 1220 3591
10 1310 2611
10 1414 1324
11 60 1828
11 138 3406
11 193 3552
11 1030 915
11 1087 935
11 1283 2356
11 1341 1465
11 1428 2324
12 117 211
12 717 4967
12 835 1209
12 867 3549
12 924 3049
12 958 4882
12 1323 767
12 1365 879
13 377 4563
13 474 28
13 560 408
13 583 309
13 589 1030
13 1164 1089
13 1174 1532
13 1241 4931
13 1459 3178
14 134 1119
14 434 1140
14 665 1072
14 835 582
14 1015 1707
14 1112 732
14 1383 2638
14 1437 2546
15 138 2266
15 196 4056
15 326 3918
15 640 4691
15 753 1823
15 1222 1959
15 1266 2202
16 38 2851
16 209 1004
16 318 76
16 453 4655
16 1042 2074
16 1376 65
16 1493 1339
17 230 2171
17 435 571
17 1181 1505
17 1186 1903
18 270 4366
18 776 3847
18 851 2318
18 871 1413
18 1060 3817
18 1200 3718
18 1228 4520
18 1266 2701
18 1287 389
18 1384 4445
19 294 1611
19 342 4390
19 412 1552
19 922 2552
19 939 3492
20 365 2939
20 412 1466
20 1087 3264
21 61 3339
21 96 3053
21 150 1608
21 493 4591
21 597 52
21 635 66
21 655 3571
21 681 114
21 747 111
21 885 3388
21 1008 2696
22 50 2745
22 156 3309
22 237 2066
22 623 1535
22 795 4797
22 876 4050
22 1138 1867
22 1167 1977
22 1327 956
22 1355 49
22 1385 46
22 1477 521
23 583 3244
23 710 565
23 764 2651
23 809 2239
23 1190 153
23 1304 2984
23 1341 1991
24 172 4425
24 273 4524
24 564 4099
24 582 4810
24 744 2089
24 758 381
24 797 1134
24 963 3463
24 1112 3276
24 1234 788
24 1274 1889
25 400 1841
25 582 1985
25 748 921
25 862 3749
25 1381 1342
25 1488 4337
26 73 4753
26 81 3765
26 254 1683
26 592 4288
26 842 1823
26 863 2510
26 947 4597
26 1035 812
26 1074 3145
27 531 2892
27 798 4815
27 991 1254
27 1071 964
27 1280 2745
27 1330 1295
27 1383 1436
27 1483 4154
28 101 3894
28 225 3400
28 231 3684
28 426 4132
28 1335 2176
28 1385 3835
29 67 3654
29 229 3787
29 649 2151
29 674 7
29 926 2688
29 989 970
29 1142 4806
30 104 1579
30 107 303
30 1153 2085
30 1315 2342
31 70 3270
31 252 4398
31 256 2451
31 369 2717
31 546 4544
31 570 1391
31 779 4950
31 1299 3009
31 1354 2879
32 498 923
32 531 2898
32 532 2581
32 556 2593
32 1129 3248
32 1398 3245
33 151 4168
33 199 907
33 219 3835
33 1087 3948
33 1101 194
33 1310 2425
33 1390 4252
33 1489 4018
34 233 4393
34 299 1707
34 373 250
34 526 3236
34 714 3411
34 811 875
34 864 959
34 877 280
34 988 1472
34 1114 469
34 1334 2336
35 48 2748
35 61 329
35 277 866
35 598 643
35 716 634
35 925 1067
35 1049 442
35 1251 2674
35 1276 1420
35 1402 3049
35 1428 4061
35 1493 2619
36 535 4831
36 595 2097
36 759 1196
36 844 3733
36 1208 261
37 265 2662
37 344 2867
37 434 4144
37 435 825
37 620 418
37 690 2768
37 765 4919
37 894 1302
37 1008 194
37 1212 3964
38 266 4480
38 425 786
38 672 1440
38 711 4962
38 784 4025
38 1107 4272
38 1180 738
38 1182 3236
38 1271 4031
38 1477 2462
39 81 4482
39 501 4043
39 824 1897
39 1028 3835
39 1323 1951
40 328 771
40 517 1220
40 694 1728
40 1041 3377
40 1087 4220
41 177 3505
41 356 3904
41 523 4953
41 587 1533
41 862 3026
41 961 1820
41 1032 2953
41 1200 707
41 1489 4605
42 104 101
42 151 3762
42 300 4245
42 552 2059
42 860 1335
42 993 2788
42 1081 274
42 1137 1154
43 75 4683
43 208 3811
43 258 3571
43 673 3403
43 696 2863
43 826 503
43 861 880
44 342 3096
44 443 3388
44 703 1527
44 705 3140
44 813 3854
44 851 2080
44 967 4426
44 998 4624
44 1168 2890
44 1221 2745
44 1487 2214
45 90 2362
45 553 3239
45 580 3359
45 644 4932
45 778 204
45 1001 4780
46 219 116
46 285 1750
46 341 1258
46 752 1765
46 778 2395
46 780 4601
46 1154 1032
46 1337 2739
47 210 1038
47 249 1133
47 827 2115
47 921 3583
47 1347 4280
47 1454 2352
47 1490 4014
48 217 193
48 314 752
48 607 3705
48 619 337
48 837 1539
48 992 3395
48 1052 3108
48 1154 4375
49 104 201
49 399 1704
49 509 1387
49 537 2696
49 749 3920
49 842 4962
49 940 4350
49 1459 1391
50 273 2075
50 764 1542
50 854 3353
50 899 529
50 1015 4506
50 1034 4079
50 1315 4281
50 1456 2240
51 111 2045
51 144 1250
51 163 1220
51 171 572
51 242 393
51 316 518
51 1425 3163
52 143 3547
52 191 1662
52 257 243
52 375 4507
52 893 4382
52 934 3554
52 1261 1187
52 1310 2367
53 163 320
53 224 4790
53 287 2274
53 464 54
53 465 352
53 608 4814
53 695 3694
53 725 2552
53 850 45
53 888 3338
53 1241 27
53 1352 1663
53 1381 3194
53 1489 1750
54 504 4956
54 859 4891
54 986 333
54 1172 4609
55 64 1034
55 248 3528
55 594 2526
55 631 4331
55 1149 3498
55 1341 1615
55 1389 1850
56 179 1004
56 222 43
56 250 3115
56 288 4307
56 296 2050
56 801 1593
57 162 3123
57 728 3700
57 1059 4188
57 1462 4857
58 65 891
58 161 2381
58 216 2675
58 322 4891
58 492 4269
58 496 4515
58 678 3611
58 709 1263
58 1014 4606
58 1299 2053
58 1461 3845
59 464 341
59 840 3132
59 1113 482
59 1386 647
59 1434 473
60 91 2429
60 299 3914
60 545 3580
60 587 3812
60 1108 4902
60 1425 2564
61 303 1083
61 316 2211
61 378 2489
61 411 1574
61 486 3772
61 1302 546
61 1306 134
61 1324 4635
61 1371 3091
61 1385 4867
61 1407 1986
61 1470 67
61 1477 3223
62 334 2508
62 368 822
62 375 1985
62 446 4030
62 624 1479
62 649 447
62 757 3164
62 864 4597
62 960 2328
62 1008 1177
62 1337 489
62 1396 3155
62 1422 2667
63 236 681
63 273 2946
63 1116 1422
63 1235 2459
63 1410 3182
64 255 1744
64 653 4367
64 656 4064
64 663 1874
64 703 3190
64 717 1216
64 770 1654
65 94 4838
65 290 4754
65 331 2004
65 418 1245
65 844 4456
65 1346 474
65 1350 3357
65 1400 4659
66 165 719
66 223 2606
66 658 2194
66 665 2619
66 732 2426
66 853 2437
67 249 3162
67 386 818
67 822 241
67 861 1528
67 1354 1230
68 244 1515
68 261 4582
68 477 1778
68 829 3787
69 419 900
69 1168 512
69 1236 2920
69 1245 2593
69 1429 1757
70 287 2437
70 296 3924
70 486 1405
70 775 2144
70 798 3293
70 1340 1287
71 178 4182
71 438 2715
71 488 552
71 653 518
71 751 1372
71 1268 2871
71 1414 2795
72 78 4301
72 96 404
72 163 3839
72 399 1824
72 430 618
72 507 2493
72 642 112
72 648 953
72 709 4951
72 1215 4710
72 1262 370
72 1368 2176
73 105 4729
73 348 390
73 429 461
73 584 4228
73 689 131
73 746 3380
73 928 4000
73 967 1778
74 92 3240
74 799 2829
74 1013 2145
74 1205 822
74 1302 3129
74 1328 2951
74 1458 2657
75 725 1006
75 736 499
75 741 1543
75 805 4700
75 832 3516
75 873 1618
75 1111 1168
75 1115 3451
76 124 2889
76 200 4726
76 233 4620
76 330 1250
76 715 2462
76 1218 4407
77 106 1464
77 109 4978
77 175 2867
77 389 3046
77 554 4119
77 669 1690
77 736 714
77 1040 1774
77 1079 1001
77 1117 4622
77 1199 2723
77 1249 1935
77 1420 3493
78 212 2079
78 347 4804
78 386 4450
78 464 4313
78 556 428
78 589 775
78 656 2145
78 697 900
78 755 1331
78 966 2434
78 974 37
78 983 1543
78 1233 3184
78 1323 1531
78 1469 917
79 171 347
79 463 2560
79 890 2781
79 939 4803
79 1454 3770
80 392 3751
80 555 4057
80 654 276
80 1070 1706
80 1485 195
81 107 1061
81 175 1201
81 215 2968
81 385 4849
81 527 3890
81 796 4081
81 934 1432
81 1074 3564
81 1155 1999
81 1260 2053
81 1278 4406
81 1426 3025
82 143 2073
82 200 3123
82 266 3822
82 283 2609
82 294 4688
82 313 4340
82 399 4676
82 545 324
82 849 2476
82 928 4720
82 1384 4688
83 476 9
83 719 3246
83 1126 1236
83 1135 1239
83 1307 1110
84 240 2669
84 338 4430
84 339 4321
84 373 1226
84 481 1294
84 713 204
84 758 686
84 889 4548
84 1320 2573
84 1343 973
84 1372 461
85 135 2506
85 290 2674
85 479 1119
85 809 953
85 873 1123
85 1125 3795
85 1384 1751
86 142 99
86 479 1727
86 760 4052
86 883 3269
86 994 8
86 1019 1676
86 1251 2481
87 115 4406
87 325 2323
87 491 3164
87 559 2360
87 584 2270
87 594 2990
87 1212 137
87 1435 872
88 1494 3421
89 116 4329
89 328 4589
89 402 99
89 687 4793
89 790 4786
89 868 3493
89 1325 1447
89 1383 1101
90 141 1068
90 491 4817
90 608 4030
91 246 2195
91 627 4747
91 721 2567
91 757 4706
91 878 941
91 992 4462
91 1072 1666
91 1160 1201
92 201 2911
92 511 3722
92 620 377
92 887 3004
92 914 3227
92 1011 4535
92 1013 976
92 1233 3214
92 1281 795
93 133 249
93 171 1092
93 384 2077
93 392 1030
93 820 1475
93 938 1195
93 1162 796
93 1219 1666
94 103 2644
94 190 4451
94 219 3588
94 447 4589
94 565 771
94 793 4798
94 960 4949
94 1057 1260
94 1312 510
95 624 3760
95 667 1105
96 427 406
96 783 3350
96 1028 1233
96 1054 399
96 1096 2512
96 1389 2429
96 1403 1180
97 177 815
97 246 3074
97 874 3672
97 1362 1287
98 223 1623
98 373 3169
98 419 405
98 487 3185
98 524 2479
98 619 4974
98 925 3363
98 930 3843
98 981 4397
98 1107 1181
98 1112 474
98 1167 2702
98 1252 2260
98 1481 957
99 123 1846
99 200 681
99 870 4317
99 890 479
99 943 4260
99 1021 1000
99 1076 3598
99 1265 2456
99 1299 4965
100 499 1182
100 732 4117
100 1155 511
100 1194 3241
101 168 1746
101 292 898
101 714 1461
101 841 3101
101 1000 4033
101 1155 4820
101 1320 2920
102 358 1346
102 400 3690
102 410 623
102 440 132
102 578 687
102 690 4848
102 706 1297
102 857 769
102 980 2135
102 1181 852
103 121 4464
103 122 4237
103 360 722
103 663 510
103 887 1831
103 1255 2512
103 1297 2935
104 108 3335
104 284 53
104 386 4875
104 808 501
104 1168 711
105 548 3768
105 689 3650
105 759 1476
105 968 2088
105 1458 1775
105 1491 122
106 164 1294
106 241 4352
106 320 3895
106 778 399
106 1007 1809
106 1476 1684
107 236 1086
107 444 561
107 1093 2126
107 1302 1662
107 1446 1171
108 125 4234
108 530 357
108 585 2975
108 625 4319
108 642 1344
108 693 2860
108 812 2849
108 835 2761
108 999 4171
108 1139 3763
108 1266 3173
108 1271 1429
109 238 361
109 387 4862
109 692 1696
109 1055 1977
109 1145 1088
109 1352 1130
109 1492 466
110 123 4431
110 900 4216
110 1052 2227
110 1312 4061
111 148 4249
111 468 149
111 1057 4990
111 1153 3275
111 1224 499
112 172 470
112 276 711
112 305 4394
112 567 644
112 675 3593
112 961 2028
112 993 2604
112 1081 2396
112 1143 1711
112 1180 2671
113 244 3360
113 289 1736
113 425 782
113 430 3243
113 666 3488
113 864 4163
113 924 2726
113 1027 360
113 1077 130
113 1105 849
113 1270 2011
113 1346 3905
113 1403 3309
114 211 4925
114 216 2941
114 660 2035
114 845 1993
114 1046 4085
114 1283 490
114 1309 2611
115 128 1099
115 221 3925
115 357 934
115 518 1653
115 830 3479
115 863 3022
115 1266 3382
115 1359 3693
115 1413 345
115 1497 952
116 348 1715
116 513 68
116 538 3449
116 587 3139
116 1171 1520
116 1376 4461
116 1498 1404
117 412 2733
117 607 3867
117 666 1371
117 717 1762
117 754 2952
117 999 3255
117 1096 1317
118 130 1812
118 210 852
118 295 3162
118 1301 1095
119 140 4137
119 183 4477
119 187 2034
119 411 1012
119 744 2483
119 816 4388
119 863 4169
119 958 4585
119 1173 134
120 194 2155
120 374 2149
120 460 831
120 528 4050
120 581 3015
120 590 228
120 760 4934
120 778 2108
120 789 1168
120 918 2929
120 976 1236
120 1018 2115
120 1176 4456
120 1361 274
120 1369 285
120 1449 469
121 284 436
121 569 1227
121 586 3155
121 731 543
121 878 1502
121 1031 3193
121 1166 2189
121 1210 597
121 1228 4049
121 1350 4858
121 1355 4091
121 1373 1811
121 1423 645
121 1500 271
122 221 2301
122 318 899
122 354 2133
122 617 33
122 1309 1740
123 199 3874
123 204 4105
123 233 3190
123 440 3775
123 479 4231
123 507 1533
123 622 3466
123 705 3833
123 913 3533
123 948 1577
123 1039 4796
123 1085 4258
123 1309 1308
123 1493 4045
124 504 3681
124 902 4400
124 1131 3940
124 1223 2160
125 168 1167
125 226 1361
125 556 156
125 614 4259
125 945 2408
125 958 246
125 1144 1571
126 132 882
126 305 4248
126 427 3610
126 430 851
126 504 2692
126 579 4199
126 754 3278
126 759 924
126 798 4940
126 857 1420
126 892 4413
126 985 2560
126 1068 1085
126 1117 42
126 1354 2787
126 1385 3987
126 1422 472
127 423 1429
127 852 2115
127 1307 2692
127 1361 2779
127 1397 2991
127 1466 587
127 1471 4805
128 163 186
128 204 918
128 249 1573
128 467 2423
128 571 1550
128 604 2178
128 783 3142
128 785 3668
128 872 4347
128 1013 4209
128 1265 2708
128 1421 2393
129 426 2618
129 782 98
129 834 1732
129 1387 423
130 150 2967
130 515 3596
130 641 358
130 709 1443
130 824 2922
130 1272 780
130 1325 1937
130 1371 4393
131 512 1932
131 817 511
131 991 1660
131 1239 1826
131 1428 4362
131 1455 3158
132 575 2461
132 578 4654
132 698 1597
132 748 1426
132 793 4616
132 1123 1307
132 1154 1275
132 1219 4716
132 1259 4099
132 1446 4544
133 342 4385
133 529 4011
133 939 2520
133 1267 1852
134 153 1601
134 255 107
134 292 371
134 358 1970
134 594 943
134 764 1145
134 847 2907
134 961 4313
134 1128 954
134 1475 2932
135 258 1320
135 414 3012
135 597 2545
135 634 3222
135 667 3888
135 788 731
135 989 2672
135 993 3031
135 1263 1925
136 217 4237
136 234 3965
136 482 608
136 676 1432
136 821 4323
136 935 4404
136 1007 607
137 712 2064
137 744 592
137 1092 1038
137 1457 486
137 1465 3422
138 225 4455
138 404 4560
138 568 2985
138 1000 29
138 1001 1879
138 1064 3645
138 1155 884
138 1473 4458
139 375 4430
139 776 112
139 811 4640
139 840 191
139 877 565
140 546 354
140 627 2032
140 1137 4117
140 1207 4015
140 1360 3508
141 314 3211
141 382 1097
141 869 2724
141 961 4849
141 1061 2354
141 1228 4548
141 1284 1640
141 1316 3373
141 1337 4542
142 317 2093
142 441 492
142 1106 1604
142 1212 2613
142 1280 119
143 441 2032
143 469 2359
143 707 1680
143 729 4505
143 1375 2178
144 585 956
144 897 3125
144 1123 3511
144 1200 1586
144 1213 2081
144 1321 4891
144 1372 3217
144 1419 2282
144 1466 3980
145 302 1446
145 414 3965
145 421 2038
145 656 3220
145 763 2227
145 1270 2637
145 1476 1332
146 503 614
146 726 721
146 953 4051
146 963 4961
147 414 1135
147 452 615
147 598 1202
147 952 1279
147 973 2330
147 1081 4273
147 1145 3924
147 1475 3132
148 407 1356
148 441 1639
148 526 4233
148 677 3649
148 816 3381
148 878 4690
148 1023 2214
149 311 709
149 411 3129
149 498 3651
149 684 272
149 858 4232
149 1129 3054
149 1170 2528
149 1358 869
149 1361 3573
149 1500 4257
150 590 664
150 606 4733
150 684 1851
150 838 2721
150 1415 2208
151 466 847
151 806 1505
151 1214 3790
151 1268 2606
151 1307 4298
151 1355 2490
152 172 3182
152 219 183
152 801 4339
152 958 1270
152 1111 1657
152 1231 442
152 1249 4363
153 200 3995
153 380 27
153 448 383
153 799 2856
153 1100 3606
153 1300 3784
153 1452 3441
153 1480 3512
154 334 3866
154 438 468
154 728 2602
154 861 1224
154 864 97
154 1286 1734
155 350 3275
155 962 1193
155 1029 1411
155 1033 2196
155 1118 4898
155 1174 2614
155 1223 1031
155 1233 4588
155 1424 2885
156 302 3566
156 398 2470
156 456 2744
156 652 281
156 654 1353
156 799 4944
156 818 2519
156 953 777
156 1423 4142
157 205 2035
157 249 4526
157 310 890
157 883 26
157 1122 1397
157 1136 1342
157 1139 4767
157 1244 2586
157 1424 1390
158 176 617
158 713 1574
158 794 2805
158 998 4847
158 1075 3868
158 1135 648
158 1136 847
158 1160 1020
158 1195 475
158 1303 1946
158 1339 1125
159 310 4301
159 517 2233
159 590 2136
159 683 4298
159 831 1969
159 1051 3294
159 1126 2391
159 1172 888
159 1176 3765
159 1247 4525
159 1341 757
159 1360 3944
160 370 1654
160 621 533
160 956 2617
160 1046 2700
160 1217 2889
161 265 3863
161 414 3060
161 423 3724
161 429 3501
161 611 3708
161 764 3933
161 873 2185
161 1270 731
161 1386 750
162 218 4251
162 439 2004
162 490 1235
162 824 2296
162 917 2103
162 1003 4230
162 1071 4269
163 212 615
163 217 3276
163 261 941
163 393 1432
163 491 1780
163 549 3702
163 879 342
163 1181 1694
163 1376 2637
164 737 3930
164 1220 3754
164 1331 2808
165 204 3359
165 244 417
165 525 1480
165 936 3485
165 1135 1548
165 1438 2702
166 195 1308
166 813 644
166 884 1847
166 1160 554
167 189 2829
167 211 861
167 223 4258
167 240 3161
167 307 1177
167 472 3117
167 736 3146
168 318 2408
168 332 2923
168 474 894
168 497 1936
168 589 1737
168 794 2641
168 1338 214
168 1437 4956
169 233 2434
169 367 2139
169 370 143
169 513 4013
169 842 860
169 1104 3847
170 179 2466
170 470 2662
170 593 2235
170 682 1734
170 693 3900
170 841 4758
170 1019 2706
170 1119 99
170 1185 3270
170 1249 4227
171 210 1399
171 321 856
171 378 2702
171 517 80
171 672 1516
171 1067 1435
171 1277 3560
171 1279 4321
171 1450 3647
171 1471 2261
172 314 2761
172 347 87
172 512 2698
172 876 2678
172 1053 4588
172 1168 2996
173 385 3443
173 544 2258
173 778 1330
173 819 2800
173 1130 4609
174 200 1588
174 227 4833
174 331 1456
174 406 4159
174 713 1461
174 858 2340
174 1283 1193
174 1387 3068
175 413 3479
175 865 3941
175 873 2659
175 1105 1874
175 1499 1439
176 276 4721
176 283 169
176 293 3699
176 353 5
176 666 1891
176 758 3293
176 901 590
176 1331 3344
176 1348 4345
177 225 3004
177 905 90
177 972 4448
178 218 527
178 256 1782
178 289 4896
178 775 856
178 895 4563
178 1268 2200
179 252 1797
179 412 4660
179 507 4903
179 786 2128
179 797 4662
179 926 1928
179 1014 1976
179 1312 2790
179 1375 3346
180 650 2734
180 719 1091
180 927 3755
180 1113 2364
180 1142 122
180 1498 3344
181 282 811
181 497 787
181 591 1522
181 955 1935
181 1402 3614
182 401 281
182 439 1780
182 503 3277
182 657 3715
182 819 4388
182 897 347
182 899 1600
182 1004 4416
182 1175 687
182 1240 861
183 198 1949
183 218 1234
183 324 3214
183 342 3611
183 427 2266
183 457 4074
183 593 2283
183 825 4295
183 906 235
183 1062 381
183 1105 4144
183 1179 320
183 1442 3501
183 1453 506
184 214 970
184 259 4059
184 333 875
184 704 1860
184 978 2344
184 1180 4138
184 1217 911
184 1317 2341
184 1337 4802
185 436 424
185 894 87
185 986 1647
185 1122 4108
185 1140 1999
185 1241 1357
186 582 381
186 642 2472
186 970 985
187 319 4573
187 374 4901
187 1211 2692
187 1419 555
187 1451 2255
188 633 1302
188 679 4301
188 881 604
188 1077 380
188 1233 4732
188 1257 3260
188 1493 3463
189 291 1749
189 378 4672
189 643 1559
189 763 1831
189 1179 663
189 1311 3731
190 222 80
190 290 1302
190 322 747
190 534 4763
190 973 143
190 1010 503
190 1051 2040
190 1099 2966
191 908 3075
191 1084 1247
191 1093 2723
191 1171 3500
191 1192 3518
191 1263 139
191 1479 4255
192 520 3120
192 805 662
192 1074 611
192 1353 1994
192 1356 4306
193 295 4263
193 401 809
193 549 1073
193 1160 3702
193 1185 4593
193 1386 4927
194 463 4119
194 615 3708
194 862 1079
194 1076 2519
195 249 3527
195 543 3981
195 598 3571
195 791 165
195 930 2214
195 1467 988
196 553 980
196 693 4084
196 721 1550
196 1093 4179
196 1096 2544
196 1244 2138
196 1283 1591
196 1452 4905
197 1120 1423
197 1431 1418
198 523 1861
198 954 2486
199 447 1299
199 702 640
199 755 593
199 798 219
199 864 556
199 1003 3000
199 1041 3265
200 228 4024
200 331 4590
200 377 2492
200 404 4428
200 635 2011
200 679 3733
200 852 4827
200 992 3256
201 432 1419
201 618 3309
201 944 1027
201 992 197
201 1494 2492
202 424 2181
202 431 2958
202 436 1495
202 592 524
202 625 2922
203 245 1842
203 447 2245
203 451 3076
203 758 4436
203 833 1747
203 895 4016
203 914 4305
203 961 107
203 1019 666
203 1065 1657
203 1155 979
203 1159 2854
203 1178 3798
203 1479 3544
204 359 498
204 867 1235
204 1233 566
204 1386 439
205 262 2715
205 533 149
205 621 2531
205 726 267
205 856 1739
205 1223 1344
205 1400 4269
205 1404 1966
205 1428 2056
206 233 4455
206 373 3431
206 931 4791
206 987 914
206 1000 1047
207 358 3987
207 451 4169
207 709 362
207 864 205
207 1169 4532
207 1270 973
207 1325 2599
208 943 4557
208 1020 1290
208 1045 4077
208 1313 950
208 1334 1947
208 1359 1045
209 235 4935
209 261 2011
209 280 611
209 318 896
209 562 2859
209 648 2938
209 865 4221
209 1032 1910
209 1095 3521
210 438 3974
210 540 3309
210 796 2664
210 990 4733
210 1129 698
210 1192 73
210 1201 2868
210 1333 3586
210 1357 681
210 1383 1702
210 1474 888
211 606 2058
211 670 2579
211 731 459
211 782 2479
211 886 743
211 1282 1483
212 1189 1521
212 1273 2045
212 1281 1328
213 217 3297
213 695 4449
213 748 1286
213 866 2797
213 932 2040
213 952 953
213 1332 1726
214 226 2109
214 251 2484
214 747 3042
214 838 2053
214 1347 1019
214 1407 4229
214 1462 1310
215 466 788
215 565 492
215 572 2927
215 726 4499
215 898 1509
215 1238 1103
215 1390 405
215 1416 1526
216 376 939
216 378 2927
216 389 117
216 636 1527
216 725 1867
216 774 491
216 783 4639
216 1269 4777
216 1271 3311
216 1286 2635
216 1422 2303
217 224 3056
217 328 3668
217 1055 4351
217 1463 3162
218 268 4598
218 391 4926
218 772 4155
218 776 4403
218 1042 1256
218 1205 4339
218 1234 696
219 749 3269
219 811 4941
219 978 954
219 1118 4541
219 1119 1071
219 1177 1815
219 1211 890
219 1250 1722
219 1268 797
219 1449 51
220 530 1903
220 531 2913
220 723 953
220 1160 4718
220 1168 922
220 1348 2509
220 1420 4097
221 245 1142
221 287 2345
221 443 3135
221 467 2610
221 473 966
221 480 1350
221 546 2959
221 576 3390
221 601 2264
221 612 1350
221 871 2486
221 878 2955
221 1112 3632
221 1151 1620
222 380 2364
222 409 1682
222 537 3628
222 722 429
222 940 4042
222 1122 476
222 1152 2316
222 1239 3541
222 1416 3267
222 1499 1194
223 242 3749
223 290 2911
223 440 3329
223 664 2895
223 729 4609
223 1151 3957
224 463 365
224 937 4074
224 1321 3339
224 1349 4275
224 1488 468
225 347 576
225 628 3330
225 1241 1659
225 1498 3921
226 450 2422
226 477 3311
226 687 2360
226 969 2916
226 1131 1457
226 1300 1176
227 290 1181
227 1337 2656
228 240 3408
228 564 187
228 823 1307
228 1030 546
228 1227 227
229 474 930
229 508 2127
229 591 3721
229 1008 1858
229 1032 1166
229 1192 4906
230 316 1970
230 321 1023
230 778 2374
230 822 905
230 1297 4176
230 1404 2396
230 1456 911
231 306 4539
231 449 3304
231 455 2309
231 637 2444
231 914 2653
231 1369 3205
232 425 1063
232 492 1882
232 529 915
232 610 1870
232 862 3650
232 1262 27
232 1279 2083
232 1299 3259
232 1300 2261
233 248 2983
233 679 4834
233 741 4890
233 1071 3042
233 1184 2712
233 1455 92
234 290 129
234 773 3550
234 940 265
234 1252 3225
234 1496 2049
235 700 2111
235 1289 1368
235 1391 69
236 456 981
236 476 152
236 752 4018
236 907 1210
236 997 4086
236 1271 651
236 1285 2206
237 290 4692
237 435 1342
237 441 618
237 504 4770
237 524 1576
237 757 2364
237 843 4498
237 1317 3106
238 590 809
238 606 1643
238 874 3810
238 1459 656
239 660 3358
239 989 2823
239 1049 4724
239 1085 1239
240 317 2156
240 488 2574
240 962 4799
240 1246 1365
240 1326 4158
240 1381 2089
241 305 1614
241 473 1081
241 703 1984
241 794 1466
241 1118 3650
241 1208 599
242 243 3352
242 256 430
242 561 939
242 703 2051
242 912 4178
242 966 3947
242 1032 3948
242 1347 1745
243 321 512
243 481 923
243 548 3601
243 850 3047
243 897 795
243 1053 1224
243 1213 2587
244 375 4237
244 548 4379
244 778 774
244 1010 3111
244 1061 4492
244 1224 2578
244 1408 3912
244 1458 1369
245 347 1503
245 612 1174
245 800 4703
245 1309 2268
245 1404 2380
245 1427 4212
245 1469 2433
246 288 1769
246 750 4710
246 803 1731
246 855 1893
246 864 3891
246 1173 4961
246 1340 2203
247 618 2349
247 1148 15
247 1286 3123
247 1341 2240
247 1373 235
248 376 3791
248 384 2281
248 404 527
248 567 2101
248 1004 2434
248 1039 532
248 1255 3778
248 1311 2129
248 1437 37
249 316 2834
249 734 894
249 804 2573
249 1188 3253
249 1376 1813
249 1424 3046
249 1445 1148
250 388 2449
250 487 4534
250 836 2910
250 905 1141
250 948 3231
250 1105 1
250 1168 2638
251 441 2512
251 690 7
251 869 3129
251 877 1226
251 1265 1351
251 1285 4927
251 1316 155
251 1324 2065
251 1374 91
251 1472 873
252 374 2900
252 448 2507
252 781 1480
252 783 70
252 1383 610
253 441 2273
253 549 2981
253 584 1089
253 862 2516
253 863 1690
253 925 1665
253 956 214
253 958 422
253 1003 68
253 1139 1002
253 1335 3502
253 1458 1484
254 390 3010
254 558 410
254 562 2936
254 602 4897
254 919 1384
254 1048 3116
254 1079 627
254 1291 2039
254 1458 63
254 1470 3229
255 592 3521
255 790 351
255 973 2744
256 522 44
256 829 2225
256 1047 893
256 1049 1635
256 1078 155
256 1289 4857
256 1458 2634
257 362 3374
257 510 2852
257 571 3274
257 618 2055
257 804 4470
257 815 4023
257 849 3289
257 1171 1123
257 1180 2212
258 286 290
258 591 1461
258 651 1496
258 779 380
258 1116 325
258 1131 4237
259 624 2043
259 658 4084
259 742 4564
259 748 4718
259 805 284
259 951 429
259 986 969
259 1076 1299
259 1200 2907
260 314 2678
260 513 2610
260 711 3789
260 742 1343
260 758 2360
260 876 3901
260 1088 2899
260 1369 29
260 1392 2186
260 1434 4063
260 1474 2432
261 442 3142
261 772 4054
261 886 1114
262 287 2438
262 290 1211
262 531 4387
262 691 459
262 715 1931
262 783 1667
262 798 2582
262 1002 4062
262 1017 4318
262 1033 2646
262 1202 3178
262 1218 2507
262 1271 127
262 1412 2940
262 1466 2497
264 531 2689
264 666 1453
264 788 3544
264 847 2621
264 867 2330
264 882 4759
264 1330 4593
265 641 2141
265 788 2726
265 829 2871
265 882 2872
265 973 1027
265 1021 4275
266 459 1441
266 671 2827
266 706 3462
266 877 3324
266 937 3731
266 1198 1100
266 1421 4075
267 374 4628
267 677 4062
267 692 4745
267 717 4310
267 758 3754
267 885 4729
268 332 1040
268 657 4058
268 775 3179
268 1076 4586
268 1335 2708
268 1480 4213
269 281 840
269 369 4036
269 474 2328
269 592 200
269 700 1312
269 1021 1852
269 1166 1522
269 1184 254
269 1318 4126
269 1423 3817
269 1500 2402
270 504 991
270 505 24
270 720 2118
270 1234 30
270 1383 1193
270 1425 2143
271 307 4286
271 471 1839
271 519 4680
271 769 683
271 919 1643
271 1116 2002
271 1280 2431
271 1498 4427
272 513 1797
272 613 4036
272 623 3609
272 690 4805
272 840 2133
272 1197 2667
272 1268 3953
273 760 762
273 1248 1829
273 1445 1487
274 733 2338
274 738 1781
274 796 4448
274 1252 3525
274 1426 1740
274 1490 4239
275 277 906
275 371 2628
275 580 346
275 616 4213
275 1094 4603
275 1485 1349
276 939 2088
276 1088 179
276 1173 3500
276 1238 925
276 1304 186
276 1374 156
277 337 2184
277 415 136
277 486 1059
277 620 2449
277 621 4138
277 735 2865
277 775 343
277 827 1858
277 1062 879
277 1341 4897
278 293 2875
278 318 3328
278 545 2544
278 606 3783
278 644 4192
278 687 799
278 880 2912
278 905 522
278 1096 4699
278 1133 3320
279 352 2087
279 965 169
279 1252 2293
279 1305 1117
280 491 3686
280 630 3506
280 667 608
280 902 1283
280 938 3727
280 1010 2277
280 1091 4458
280 1139 4935
281 590 4881
281 682 1522
281 875 4107
281 1219 2681
281 1249 4266
281 1286 1562
282 404 4004
282 519 929
282 645 4623
282 664 2619
282 697 3774
282 1008 69
282 1087 1325
283 537 1201
283 632 1262
283 727 23
283 832 1937
283 1158 1590
283 1272 4107
283 1307 1097
284 392 4374
284 851 2504
284 986 4611
284 1114 2394
284 1164 949
284 1177 2363
284 1218 3218
284 1234 57
285 480 1946
285 488 3056
285 624 2615
285 686 4198
285 853 2390
285 921 4945
285 1198 3023
285 1255 3315
286 438 2998
286 872 2606
286 966 117
286 1101 2821
286 1292 4866
286 1342 4900
286 1469 2447
287 843 2999
287 883 1582
287 984 3696
287 1022 773
287 1037 161
287 1469 1743
288 547 4611
288 1045 112
288 1220 1956
288 1321 3118
288 1439 376
289 529 2670
289 591 4416
289 683 2843
289 1018 4654
289 1066 627
289 1202 3671
289 1275 2049
289 1304 740
290 512 34
290 683 4189
290 691 4832
290 1087 790
290 1108 1696
290 1155 3993
290 1467 2384
291 463 3080
291 500 225
291 538 4547
291 636 2628
291 996 1202
291 1177 1522
291 1240 2940
292 416 4269
292 437 1251
292 577 2651
292 699 3066
292 743 835
292 1329 2512
293 417 4470
293 469 1565
293 496 3961
293 603 2527
293 868 602
293 1049 1821
293 1297 4511
293 1412 2585
293 1445 2509
293 1484 2286
294 463 2153
294 469 4841
294 689 1915
294 1070 1644
294 1264 2589
294 1340 4914
294 1354 1716
294 1443 4214
294 1481 1588
295 608 1349
295 741 2418
295 1088 3781
295 1218 4428
295 1222 661
295 1245 4865
295 1268 1306
295 1334 3298
295 1382 3448
296 596 3164
296 923 819
296 944 4065
296 1403 1294
296 1477 616
297 447 1366
297 449 3359
297 1036 4212
297 1149 1739
298 351 2405
298 670 1608
298 897 60
298 1097 4806
298 1403 3330
298 1455 2764
299 364 840
299 407 620
299 437 4123
299 473 2794
299 631 1607
299 813 1170
299 1470 4802
300 330 1248
300 392 1498
300 512 1054
300 734 1410
300 856 4765
300 892 158
300 957 1480
300 1012 4465
300 1071 4310
300 1248 2368
300 1249 189
300 1433 2232
300 1456 207
301 388 4638
301 756 128
301 778 3567
301 853 3469
301 998 2734
301 1076 3698
301 1129 3263
301 1426 4459
301 1489 1694
302 491 2971
302 645 388
302 940 994
303 500 978
303 544 4732
303 936 3733
303 1037 1703
303 1263 1427
304 365 2265
304 373 2659
304 589 3575
304 654 1358
304 687 4282
304 731 880
304 799 498
304 868 2867
304 1006 1731
304 1239 3056
304 1486 2750
304 1489 4619
305 580 4824
305 603 4729
305 663 4463
305 743 1769
305 805 1283
305 868 180
305 1104 2017
306 432 1466
306 999 3515
306 1140 4676
307 462 4443
307 625 251
307 700 1753
307 844 1955
307 1075 3129
308 322 1248
308 1069 2162
308 1459 554
309 383 4731
309 725 1810
309 1418 586
310 516 4163
310 915 117
310 1070 149
310 1132 2588
310 1492 2293
311 480 4350
311 493 4586
311 516 370
311 619 1301
311 676 3057
311 1061 3209
311 1159 2788
311 1164 2409
311 1341 1436
311 1400 2596
311 1416 3766
312 1219 2672
312 1472 4573
313 361 2133
313 816 2068
313 837 665
313 980 1057
313 1065 4098
313 1398 3725
314 369 2578
314 467 3548
314 784 2789
314 1265 2707
314 1350 1156
314 1377 2801
315 431 349
315 466 2866
315 469 2631
315 703 556
315 948 601
315 991 2998
315 1030 925
315 1098 4160
315 1156 655
316 319 4008
316 333 3253
316 338 3306
316 546 1406
316 682 2545
316 760 1146
316 1005 414
316 1065 3160
316 1224 3034
317 404 1287
317 431 2361
317 477 598
317 481 869
317 814 2011
317 973 2069
317 1057 1601
317 1199 1044
317 1342 626
317 1470 3484
318 782 3093
318 826 4540
318 847 625
318 981 1490
318 1009 2987
318 1154 3608
318 1221 678
318 1376 3399
318 1439 2429
319 411 2471
319 839 1304
319 901 4979
319 940 1126
319 1179 2738
319 1254 1290
319 1322 36
320 759 3547
320 1013 3430
320 1024 3880
320 1193 1301
320 1304 2214
321 363 4419
321 1053 3532
321 1146 1993
321 1313 4681
321 1418 1503
322 523 1291
322 1135 4079
322 1434 4365
323 568 2176
323 606 1389
323 653 48
323 721 1128
323 983 4387
323 1049 4705
323 1062 1378
323 1178 2819
323 1372 1972
324 387 575
324 600 121
324 743 1917
324 775 1302
324 861 258
324 878 1230
324 928 1801
324 964 1247
324 1012 2239
324 1275 855
324 1302 1233
324 1314 3506
325 327 817
325 584 1360
325 602 797
325 854 3842
325 996 1741
325 1027 1127
325 1192 1108
326 372 4331
326 988 3039
326 1187 2079
326 1350 2408
327 353 725
327 377 2154
327 392 349
327 538 4581
327 686 3117
327 713 4476
327 1251 2284
327 1325 1157
327 1443 4009
328 376 1478
328 403 1110
328 456 1138
328 478 3208
328 554 4810
328 738 2702
328 1222 2315
328 1389 3379
329 925 2848
329 947 3804
329 1267 3623
329 1469 3051
330 474 1040
330 565 4935
330 601 993
330 612 970
330 622 2973
330 844 3467
330 893 4100
330 1004 4403
330 1187 304
330 1207 2931
330 1356 4308
330 1358 1510
331 521 1732
331 584 2558
331 585 1913
331 836 326
331 846 3998
331 880 4544
331 931 266
331 997 966
331 1092 3203
331 1141 2988
331 1193 1276
331 1198 3925
331 1406 3854
331 1434 2181
331 1479 4595
332 529 4950
332 547 3962
332 588 2741
332 591 2458
332 595 4268
332 768 1650
332 1237 4567
332 1361 1259
332 1436 3372
333 354 4525
333 658 1965
333 804 2332
333 907 4215
333 937 2184
333 1496 679
334 397 4974
334 1165 3571
335 336 133
335 412 2613
335 496 4241
335 575 1009
335 720 4015
335 887 514
335 1163 1143
335 1245 3697
335 1484 4018
336 568 947
336 643 1714
336 879 4468
336 1093 390
336 1321 1458
336 1414 708
337 616 3919
337 759 4921
337 923 765
337 1041 2458
337 1336 82
338 415 1354
338 571 4505
338 579 3570
338 704 1481
338 879 585
338 884 1029
338 910 1393
338 1235 2066
339 537 2989
339 641 2270
339 642 1694
339 857 904
339 1045 1487
339 1303 3727
340 463 4897
340 526 1252
340 1408 3253
341 717 4470
341 737 1052
341 855 2816
341 873 4735
341 891 2178
341 949 808
341 998 1453
341 1034 975
341 1184 4287
342 391 68
342 629 280
342 678 4350
342 855 241
342 1117 1208
343 479 2377
343 948 4169
343 1242 1552
343 1485 2737
344 986 3853
344 988 4632
344 1458 663
344 1473 4892
345 594 4142
345 1083 3115
345 1101 1529
345 1192 2376
345 1272 238
345 1410 3080
346 738 877
346 741 2077
346 966 429
346 1051 1838
346 1104 1359
346 1332 97
347 693 3600
347 1077 3093
347 1146 4893
347 1344 3338
347 1408 445
347 1452 4829
347 1479 4889
348 704 3175
348 1092 1512
348 1352 3449
348 1377 3057
349 416 3458
349 1096 4232
349 1114 1107
349 1178 2708
350 549 2192
350 585 309
350 994 4647
350 1166 1619
350 1302 100
350 1327 3459
350 1384 2438
351 463 4294
351 493 1886
351 553 1032
351 777 1381
351 783 2571
351 981 3338
351 1019 1201
351 1345 2748
351 1469 4109
352 570 4013
352 851 1679
352 955 1003
352 1124 3565
353 825 36
353 942 2906
353 1185 1097
353 1362 1134
354 830 3112
354 987 3901
354 1181 3478
355 636 2122
355 655 4422
355 691 1713
355 845 427
355 934 4653
355 1295 3178
355 1361 2121
356 446 3254
356 811 2753
356 855 3439
356 1237 2641
357 711 2262
357 753 1923
357 878 3242
357 1011 2423
357 1042 2237
357 1119 4434
357 1226 1972
358 456 1054
358 498 1974
358 642 1915
358 1074 1515
358 1223 2560
359 395 4216
359 698 336
359 705 3595
359 839 2677
359 841 2440
359 1117 2674
359 1423 1205
359 1425 3087
359 1429 1182
359 1483 1804
360 594 2999
360 1130 832
360 1316 1057
361 493 1803
361 824 1951
361 898 1642
361 943 2150
361 1187 1782
361 1421 3771
362 394 3815
362 697 2960
362 801 1871
362 868 626
362 1098 1243
362 1382 634
362 1485 2036
362 1498 196
363 697 2443
363 1202 3984
363 1325 2252
364 441 4959
364 469 1588
364 1048 177
364 1303 1575
364 1328 2923
364 1461 3637
365 599 553
365 745 352
365 854 1018
365 1098 4217
365 1125 3702
365 1273 234
365 1442 496
366 523 225
366 842 4160
366 1199 2694
366 1273 530
366 1463 2621
367 399 3454
367 406 1872
367 753 1297
367 821 3789
367 891 1481
367 1019 2420
368 954 4695
368 1103 2874
368 1107 4750
368 1216 3176
368 1276 1909
368 1296 4815
368 1322 1637
368 1431 366
368 1448 2688
369 504 3128
369 595 3212
369 605 1526
369 975 3597
369 976 457
369 1000 825
369 1182 798
369 1450 2310
370 464 4790
370 715 873
370 749 2071
370 990 3255
370 1031 87
370 1147 4723
370 1187 727
370 1371 3127
371 486 606
371 558 301
371 1330 3737
371 1458 257
372 565 394
372 916 3633
372 929 2384
372 1129 4152
372 1207 1242
372 1275 26
372 1282 1212
373 876 3463
373 914 437
373 1390 130
374 401 2876
374 489 1482
374 601 399
374 803 4530
374 908 3575
374 966 1419
374 1032 2597
374 1054 2898
374 1063 2478
374 1273 3546
375 439 1436
375 479 1256
375 525 1991
375 672 4758
375 684 3808
375 685 3709
375 1066 1678
375 1080 899
375 1140 3068
375 1329 2512
376 507 1070
376 530 4258
376 607 817
376 652 1831
376 672 3116
377 393 3354
377 903 1088
377 965 1701
377 1237 1180
378 496 609
378 742 4794
378 751 329
378 869 2151
378 1023 879
378 1187 1531
378 1218 968
378 1342 3311
379 435 3022
379 636 2242
379 1212 1483
379 1431 3366
379 1432 3948
379 1441 2055
379 1484 794
380 402 16
380 711 366
380 906 2087
380 1011 3218
380 1171 4728
381 1474 359
382 766 1014
382 873 869
382 891 752
382 892 3884
382 1208 3764
382 1239 1858
383 423 1428
383 542 2351
383 1080 573
383 1103 3068
383 1122 4452
383 1176 1637
383 1289 4997
384 428 4446
384 594 4547
384 602 1179
384 762 3881
384 827 1022
384 909 1193
385 393 4817
385 482 1751
385 704 821
385 761 1709
385 846 3407
385 890 4770
385 904 816
385 987 4755
385 1062 2260
385 1234 1488
386 661 4132
386 888 360
386 905 2312
387 708 1607
387 755 4400
387 1044 3366
387 1129 436
387 1147 3499
388 446 1681
388 540 985
388 668 276
388 720 1553
388 1095 1178
389 682 3944
389 691 2079
389 747 3181
389 1277 1078
389 1428 3625
390 444 3036
390 645 3992
390 719 1442
390 1248 2277
391 428 26
391 960 128
391 963 93
392 722 2925
392 817 939
392 821 1642
392 1259 3037
392 1279 3913
392 1342 1879
392 1456 727
393 491 3003
393 745 3784
393 1057 1236
393 1369 1173
393 1436 2725
393 1496 2831
394 440 3519
394 449 1974
394 736 1254
394 896 2264
394 1445 2257
395 538 1852
395 622 4856
395 644 3797
395 735 2964
395 841 3761
395 981 4600
395 1194 2589
395 1352 1067
396 502 3186
396 626 534
396 648 1847
396 688 3832
396 743 153
396 822 1631
396 1082 4711
396 1195 3671
396 1294 1941
396 1365 2010
396 1435 1884
397 554 4605
397 1026 2999
397 1079 205
397 1210 2170
398 467 4191
398 564 2019
398 804 4765
399 534 1186
399 645 1094
399 1427 3819
400 404 3519
400 425 621
400 593 484
400 691 4714
400 768 3779
400 773 702
400 1128 1681
400 1174 2039
401 482 4344
401 550 2571
401 607 4059
401 699 796
401 960 721
401 1202 3942
402 429 1529
402 519 2090
402 603 810
402 604 2900
402 708 3742
402 1020 2957
402 1197 1984
402 1299 1408
402 1433 434
403 564 2526
403 1122 1524
403 1443 3136
404 470 3571
404 660 3624
404 761 750
404 1054 4267
404 1092 4910
404 1316 4804
405 782 2248
405 1310 2540
405 1399 513
405 1457 4231
406 643 296
406 689 2701
406 767 1014
406 1031 699
406 1055 3629
406 1122 4582
406 1317 2092
406 1488 2836
407 474 431
407 1426 3991
408 572 4830
408 586 948
408 610 4148
408 852 3587
408 916 958
408 1011 1425
408 1148 364
409 478 459
409 485 2758
409 637 3874
409 653 2996
409 1023 1217
409 1125 2368
409 1230 297
410 476 4502
410 650 3443
410 799 497
410 1084 1199
411 559 2002
411 602 3583
411 955 2874
411 1276 1228
412 879 427
412 880 4733
413 500 1744
413 518 2199
413 563 1426
413 785 2743
413 931 1230
413 1062 4219
413 1116 2985
414 450 1517
414 991 2755
414 1149 696
414 1243 1598
415 536 855
415 803 4514
415 937 3255
415 1402 2409
415 1461 1418
416 562 2192
416 1194 1135
416 1218 577
416 1241 4632
416 1309 2626
417 648 2929
417 948 2137
417 959 1667
417 962 1593
417 994 1249
417 1185 2460
417 1247 282
417 1355 1414
417 1397 2839
418 762 2365
418 852 622
418 889 1246
418 1108 2740
418 1141 2915
418 1149 826
418 1180 641
418 1349 1798
418 1353 1600
419 632 1388
419 691 4624
419 904 1696
419 938 731
419 1018 4390
419 1387 4986
419 1458 4125
419 1475 57
420 514 3574
420 566 3997
420 837 483
420 896 121
420 966 1126
420 1042 2078
420 1274 4222
420 1361 900
420 1485 4403
421 432 1869
421 554 109
421 601 4022
421 743 3790
421 772 305
421 862 4402
421 1090 3848
421 1481 382
422 622 1622
422 915 1320
422 961 2981
422 999 3689
422 1126 1362
422 1139 2796
422 1171 3632
422 1410 2595
422 1412 1142
422 1483 3646
423 629 2561
424 470 692
424 629 1602
424 737 4008
424 1382 2225
425 649 734
425 918 2544
425 932 3118
425 1006 4013
425 1447 3574
426 637 2839
426 649 1565
426 671 3398
426 698 2910
426 976 1085
426 1035 2485
427 458 2751
427 863 1335
427 966 1975
427 1176 82
428 502 1334
428 510 4705
428 559 2681
428 1015 636
428 1343 2731
428 1404 997
428 1430 2526
429 473 1919
429 661 2946
429 812 2823
429 935 2424
429 1183 2085
430 522 2676
430 675 1451
430 830 3849
430 1080 1117
430 1113 2875
430 1237 3606
430 1445 4683
431 444 1869
431 676 120
431 730 4553
431 1035 4938
431 1087 968
431 1100 17
432 495 1520
432 950 1248
432 1025 4507
432 1037 1981
432 1157 4316
432 1441 715
433 442 3466
433 932 1495
433 981 2673
433 1013 1776
433 1111 1535
433 1349 4524
433 1353 1216
433 1419 3114
434 577 3631
434 732 696
434 1037 2663
434 1198 2565
435 460 3297
435 667 3715
435 844 3435
435 862 3266
435 1068 1730
435 1270 227
435 1477 3502
436 565 2293
436 623 2749
436 628 1006
436 874 1704
436 982 171
436 1311 3289
436 1481 539
437 497 3993
437 635 4596
437 709 1789
437 797 1354
437 1242 50
437 1465 150
438 1056 1711
439 501 2926
439 779 487
439 953 1342
439 1305 853
439 1412 2927
440 497 3601
440 773 4170
440 905 4912
440 1010 1875
440 1096 4077
440 1177 3574
440 1282 3594
440 1350 4462
441 884 2924
441 1009 2605
441 1109 3762
441 1153 3570
442 538 4949
442 819 1490
442 1315 113
443 849 1583
443 872 530
443 934 604
443 1142 654
443 1237 2734
443 1371 948
443 1428 3574
443 1432 444
443 1453 2989
444 720 3261
444 811 3730
445 457 4281
445 579 345
445 659 539
445 1083 1661
445 1246 994
446 485 4052
446 823 4434
446 1314 3479
446 1489 2616
447 809 2618
447 931 4922
447 1106 163
447 1360 4557
448 632 2749
448 758 4817
448 1090 2308
448 1320 3499
448 1345 1897
448 1478 2472
449 607 1297
449 950 1495
449 967 2761
449 1129 2005
449 1173 1168
449 1420 4691
450 631 3927
450 763 3709
450 870 1879
450 1081 3194
450 1273 812
450 1494 356
451 550 148
451 666 2250
451 783 19
451 1022 1984
451 1088 4705
451 1177 4914
451 1460 3
452 467 65
452 517 818
452 744 1570
452 977 565
452 1015 2438
452 1283 399
452 1284 4260
452 1323 2187
453 753 2701
453 922 4087
453 1399 86
454 1072 2723
454 1491 1154
455 456 3854
455 1043 903
455 1059 3745
455 1114 2098
455 1118 1393
455 1312 3492
455 1390 2449
455 1395 1155
455 1402 1428
455 1451 3991
455 1465 295
455 1496 128
456 563 1193
456 742 3692
456 752 1860
456 756 885
456 972 3100
456 1407 1692
457 591 1352
457 666 1119
457 741 3435
457 952 95
457 1128 1290
457 1136 3457
457 1421 406
457 1480 4910
458 489 4741
458 593 1362
458 912 4276
458 1039 1198
458 1056 1704
458 1243 1794
459 568 615
459 725 147
459 1380 1161
460 868 638
460 896 4123
460 907 1014
460 1287 766
460 1313 4936
461 484 3206
461 609 2360
461 974 4729
461 1150 1750
461 1285 2039
461 1359 4799
461 1378 4478
462 599 2485
462 898 3424
462 1248 3138
462 1320 4708
463 523 4659
463 651 542
463 664 1249
464 472 1260
464 527 597
464 757 605
464 759 3712
464 835 484
464 981 2975
465 558 4059
465 919 2481
465 1054 4081
465 1147 4081
466 473 434
466 584 613
466 590 4104
466 781 1482
466 890 3279
467 820 467
467 908 3816
467 1051 711
467 1073 718
467 1156 840
467 1438 3237
468 509 2111
468 785 3661
468 815 3404
468 1202 3393
469 586 754
469 636 1623
469 903 1543
469 1046 60
469 1259 1631
469 1302 1688
470 568 373
470 594 3325
470 620 2506
470 690 4077
470 767 2250
470 951 1053
470 987 3785
470 1390 3409
470 1432 4105
471 519 1038
471 866 4674
471 939 2066
471 1012 4735
471 1222 4538
471 1261 4461
472 587 4369
472 710 3321
472 751 1925
472 842 3590
472 982 4849
472 1052 1074
472 1075 4770
472 1084 3162
472 1184 113
472 1322 584
472 1429 2379
473 594 100
473 679 285
473 766 2408
473 1039 1442
473 1104 317
473 1354 613
473 1440 2604
474 562 1786
474 568 1765
474 571 1819
474 604 2513
474 1203 4415
475 481 3828
475 611 3987
475 637 3979
475 875 3703
475 924 1288
475 1078 1646
475 1150 2321
476 571 975
476 648 2671
476 789 3178
476 1168 411
476 1413 4801
477 518 1701
477 699 1489
477 710 8
477 867 2241
477 884 1501
477 1409 1632
477 1433 4067
477 1476 2069
478 486 486
478 523 962
478 1269 453
478 1401 3746
479 685 1004
479 819 4067
479 1023 4734
479 1452 943
479 1455 4506
480 672 3384
480 768 4540
480 843 1506
480 1086 4493
480 1464 2710
481 495 239
481 589 1092
481 735 2971
481 1041 4595
481 1046 1099
481 1418 1345
482 594 1716
482 633 1240
482 638 1429
482 863 4703
482 901 4007
482 1051 3746
482 1056 2360
483 533 1277
483 572 531
483 674 4225
483 803 2331
483 967 1650
483 1019 1201
483 1023 2778
484 567 1143
484 618 477
484 776 4851
484 777 587
484 1030 1576
484 1099 1027
484 1169 1652
484 1203 4390
484 1216 900
484 1339 1340
485 638 1675
485 651 4080
485 1144 3027
485 1216 1755
486 491 2474
486 913 4630
487 523 1162
487 897 1110
487 909 934
487 969 2453
487 1121 3022
487 1233 957
487 1411 3547
488 1022 1484
488 1247 4431
488 1281 1492
488 1287 3134
489 1005 3358
489 1366 1716
489 1412 4868
490 599 601
490 1433 2043
491 846 1543
491 926 2250
491 1018 2667
491 1220 2060
491 1248 3885
491 1338 4509
491 1434 1655
492 580 4122
492 611 2157
492 866 3516
492 883 1366
493 563 2745
493 981 3869
493 1014 4940
493 1029 222
493 1242 80
493 1345 894
494 593 181
494 917 4443
494 1330 686
495 788 1954
495 797 3824
495 1361 3326
496 1212 3157
497 663 4993
497 807 3582
497 815 878
497 923 4900
497 1120 2166
497 1200 2170
497 1220 4677
497 1244 1820
497 1342 1269
498 581 2831
498 610 2552
498 996 665
498 1439 796
499 676 4349
499 890 2598
499 1007 120
499 1057 45
499 1449 2794
499 1466 1148
500 758 4183
500 836 3813
500 1037 2770
500 1227 4136
500 1228 4917
500 1270 1526
501 606 3908
501 713 2507
501 922 4120
502 594 4631
502 710 2436
502 719 4613
502 934 1889
502 1185 1394
503 544 3326
503 610 784
503 785 2182
503 1004 99
503 1052 4912
503 1098 1718
503 1237 4912
504 610 1308
504 814 482
504 913 4928
504 1305 2861
504 1351 2508
504 1365 2828
505 651 4168
505 772 1308
505 1074 3314
506 811 2938
506 1142 4905
506 1165 222
506 1365 1833
507 571 3864
507 625 1845
507 703 4956
507 857 2369
507 1135 3188
507 1402 2503
507 1408 2503
508 1222 145
509 779 3376
509 1069 2809
509 1204 247
509 1299 4698
510 542 4748
510 605 787
510 730 2411
510 768 4573
510 791 3857
510 1011 1054
510 1278 3989
510 1403 3222
510 1479 2775
511 873 1664
511 945 1606
511 1494 3000
512 677 1531
512 968 4362
512 1260 2402
512 1377 1191
513 580 4772
513 673 1295
513 773 577
513 847 67
513 1109 2995
513 1417 2455
514 1143 3072
514 1283 2804
515 711 1639
515 794 4954
515 818 4345
515 1152 566
515 1258 2396
516 593 2101
516 907 1882
516 1043 1540
516 1093 3130
516 1198 4379
516 1356 86
517 759 2289
517 1054 4665
517 1188 4497
518 740 1955
518 752 4406
518 783 1864
518 1276 2134
518 1326 2010
519 638 5000
519 887 1483
519 1250 3416
519 1387 2686
520 530 551
520 620 3328
520 666 2565
520 764 222
520 961 3311
520 964 884
520 1326 3978
521 590 4757
521 862 2746
521 972 3604
521 1155 189
521 1225 734
521 1244 4461
521 1388 4983
522 542 704
522 861 2788
522 862 2030
522 1256 304
523 626 14
523 742 160
523 1084 4304
523 1095 4112
523 1259 3053
523 1393 2663
523 1442 1224
523 1492 2355
524 679 1777
524 1142 525
525 538 2457
525 568 3111
525 702 2705
525 817 3419
525 954 180
525 1269 3268
526 582 931
526 641 4611
526 658 4540
526 1078 4404
527 1199 1401
527 1300 4454
528 664 1559
528 704 1445
528 779 1626
528 845 1041
528 941 4702
528 1187 3712
529 534 601
529 616 3816
529 682 3524
529 897 2346
529 970 11
529 1227 4928
529 1304 2067
529 1469 261
530 538 3311
530 1147 724
530 1304 2831
530 1338 86
530 1455 3809
531 861 1641
531 888 2953
531 1077 3072
531 1323 615
531 1327 1851
531 1409 986
531 1490 4755
532 596 4541
532 625 2852
532 1044 4322
532 1275 300
533 562 243
533 908 2202
533 1024 3692
533 1063 4296
533 1079 3295
534 566 4911
534 677 942
534 735 2066
534 961 3847
534 1180 375
534 1186 3006
535 572 289
535 932 973
535 968 1249
535 1249 3807
535 1270 2356
536 627 1762
536 647 227
536 1057 2934
536 1272 4178
536 1374 2240
537 581 882
537 690 4522
537 875 3182
537 1123 3956
537 1339 3768
538 585 3688
538 848 2667
538 1500 1765
539 988 3383
539 1047 4728
540 650 4378
540 663 876
541 767 4796
541 781 3081
541 1146 3888
541 1189 1129
541 1206 2728
542 932 2493
542 1108 1968
542 1142 3038
543 593 226
543 697 4506
543 1277 3385
543 1346 1681
544 798 946
544 950 2169
544 979 989
545 718 767
545 1115 1359
546 692 2896
546 889 505
546 910 3825
546 1058 1466
547 800 542
547 882 4443
547 1054 3634
547 1258 1075
548 572 3401
548 783 3524
548 884 2514
548 1413 3934
549 610 883
549 741 3127
549 1044 4706
549 1057 2870
549 1078 1084
549 1236 2117
549 1242 1979
550 1167 3212
550 1184 3085
550 1372 3325
551 641 452
551 921 510
551 942 3830
551 1009 233
551 1111 1871
551 1202 911
551 1260 4070
551 1326 2846
551 1440 193
552 557 2568
552 628 381
552 629 103
552 639 849
552 689 4795
552 762 2289
552 1284 1259
552 1318 2510
552 1381 3481
553 617 1277
553 795 2238
553 946 1120
553 1156 1046
553 1342 3783
554 803 4245
554 1009 4075
555 639 2470
555 656 4187
555 696 1095
555 871 3733
555 1180 1378
555 1229 4087
555 1296 1283
555 1437 351
555 1467 4960
556 617 2400
556 884 969
556 996 4958
556 1022 4427
556 1135 4815
556 1178 4354
556 1213 1212
556 1422 4662
556 1496 252
557 723 941
557 1217 395
557 1280 1152
557 1344 1209
558 636 2280
558 1032 1401
558 1131 4218
558 1406 1950
559 711 4504
559 870 3206
559 876 4012
559 1060 264
559 1093 1323
559 1099 1866
559 1160 2701
560 827 83
560 1036 2914
560 1260 113
561 642 1800
561 861 2390
561 1199 3053
561 1389 3903
562 599 4860
562 1159 3335
562 1206 1634
562 1268 3379
562 1287 3292
563 573 1073
563 740 4296
563 785 4430
563 914 1173
563 966 4336
563 1022 2783
563 1124 100
563 1143 751
563 1175 1475
563 1389 3893
563 1436 3714
564 702 2440
564 788 1058
564 884 4722
564 1025 1966
565 587 2556
565 739 953
565 742 4083
565 891 3278
565 895 2868
565 1105 2458
565 1106 2661
565 1112 4957
565 1139 3922
565 1263 94
566 1106 108
566 1170 2426
566 1299 732
567 673 2241
567 807 1617
567 1135 2903
567 1244 1156
567 1334 3860
568 848 3109
568 865 3660
568 978 1671
568 990 3489
568 1051 4411
568 1163 4903
568 1353 2164
569 715 4566
569 832 1040
569 1170 1096
569 1245 2129
570 905 2438
570 938 4834
570 1190 3916
570 1449 1098
571 616 3445
571 632 3584
571 840 1127
571 1079 4661
572 723 4913
572 859 4946
572 901 2589
572 927 4278
572 1136 1320
572 1205 4870
572 1240 3177
573 1015 4049
573 1023 1688
574 579 1675
574 765 171
574 780 3311
574 893 3084
574 1133 102
574 1310 4683
574 1416 713
575 820 481
575 1040 165
575 1194 4579
575 1328 4670
576 641 644
576 747 1612
576 812 1131
576 1209 3646
576 1288 224
577 587 2499
577 617 954
577 1088 4022
577 1153 2892
577 1226 3025
577 1255 4225
578 602 4897
578 673 57
578 1039 1916
578 1424 807
579 692 249
579 1122 3417
579 1322 3170
580 985 955
580 1144 835
580 1341 3703
580 1358 4360
581 727 1240
581 979 3157
581 1163 1794
581 1205 3061
582 586 1238
582 744 2807
582 911 948
582 919 3630
582 992 4396
582 1309 808
583 627 1591
583 656 2414
583 1230 1296
584 591 4038
584 683 4421
584 852 3443
584 941 4783
584 984 3267
584 1284 530
584 1386 1227
584 1463 3516
585 793 2962
585 957 4874
586 788 301
586 847 4409
586 1068 4002
586 1101 4043
586 1407 2524
587 685 1922
587 735 1763
587 1178 3656
587 1248 682
587 1382 4332
588 1394 3704
589 751 1651
589 1067 2631
589 1318 2350
589 1403 3577
590 1140 4678
590 1313 4874
591 942 4913
591 1086 1584
591 1174 1263
591 1387 4074
591 1423 4881
592 1010 3860
592 1317 1365
592 1334 4680
592 1460 4505
593 638 4207
593 783 2914
593 863 1495
593 912 1112
593 1241 1538
593 1246 500
593 1253 1785
593 1313 846
593 1443 3051
593 1486 3182
594 819 4367
594 1016 768
594 1233 1917
594 1374 3797
594 1409 164
594 1480 3299
595 984 4955
595 1184 2003
596 668 924
596 717 2192
596 752 736
596 764 594
596 895 1707
596 931 892
596 1150 3793
596 1190 947
597 726 766
597 995 1670
598 1329 5
598 1459 63
599 760 2660
599 850 2738
599 888 494
599 954 3107
599 958 2279
599 1439 4684
599 1451 14
599 1455 3912
599 1462 1230
599 1478 99
600 883 3857
600 1249 1113
600 1254 517
601 748 4002
601 1134 663
601 1137 4160
601 1357 603
602 874 2350
602 1072 4922
602 1180 649
602 1399 1269
603 719 3681
603 790 1128
603 1209 3051
603 1393 16
604 710 3385
604 733 370
604 870 3788
604 960 2634
604 1073 3293
604 1163 31
605 1076 1761
605 1180 3712
605 1290 742
605 1334 1020
606 646 4764
606 702 4572
606 1262 3385
606 1348 3313
607 967 883
607 1008 1504
607 1088 3421
608 662 4226
608 736 2614
608 955 2264
608 983 4858
608 1037 3752
608 1153 538
608 1225 2252
608 1471 3872
609 621 1536
609 808 4013
609 832 690
609 931 1234
609 1367 4208
610 914 4903
610 940 3335
610 1232 3204
610 1404 1927
610 1445 106
611 729 4356
611 862 3377
611 868 919
611 956 721
611 1042 813
611 1180 4851
612 702 158
612 704 86
612 705 398
612 735 1567
612 792 3148
612 951 3746
612 1094 3023
612 1209 1146
612 1431 4049
613 1020 102
613 1269 1343
613 1499 1761
614 782 2101
614 855 3210
614 933 1464
614 1115 2304
614 1314 3868
615 626 4739
615 648 1708
615 717 3651
615 859 4574
615 1044 2936
615 1190 3765
615 1481 3426
616 651 3739
616 1159 3248
616 1223 639
616 1346 2936
616 1377 2379
616 1402 3766
616 1425 4570
617 840 337
617 943 1881
617 1133 2455
617 1302 1548
618 727 1316
618 782 3091
618 1070 4797
618 1115 3815
618 1308 4094
618 1370 3376
619 650 4595
619 718 1517
619 828 177
619 1200 4617
619 1244 1229
619 1365 1615
619 1489 1610
620 1108 1310
620 1343 2614
620 1366 409
620 1402 2796
620 1418 3375
621 716 1299
621 735 4319
621 899 76
621 990 237
621 1238 1029
621 1407 1838
622 686 2705
622 774 2258
622 1214 3596
622 1304 1195
623 990 1888
623 1056 4163
624 680 947
624 685 3243
624 1019 3163
624 1243 2091
624 1433 3222
624 1472 3810
625 723 1063
625 1240 4608
625 1469 1927
625 1481 3048
626 747 3477
626 810 2008
626 1429 857
627 786 1867
627 841 473
627 956 674
627 1076 4660
628 1175 581
628 1323 4103
628 1348 2606
628 1351 193
629 710 293
630 905 4533
630 1038 599
630 1144 2381
630 1165 4503
630 1319 2233
631 809 2583
631 916 1950
631 1125 1845
632 653 2079
632 706 3526
632 711 2578
632 812 1113
632 1020 1235
632 1120 466
632 1212 4849
633 699 731
633 903 1760
633 1301 1591
634 896 2009
634 1107 1977
634 1122 2762
634 1159 4397
634 1365 4144
634 1372 1509
634 1374 4599
635 739 699
635 873 1457
635 912 4695
635 936 4812
635 1154 178
635 1305 4389
635 1434 2541
636 899 4127
636 918 1369
636 1119 4435
636 1126 3720
636 1305 3322
636 1449 1678
637 825 299
637 902 3736
637 1130 1190
637 1257 3751
637 1378 3760
637 1426 3464
638 656 4600
638 707 1353
639 710 2110
639 1009 1054
639 1175 99
639 1179 2209
639 1210 3978
640 681 2328
640 884 4133
640 908 105
640 983 3613
640 1096 2268
641 1044 2229
642 660 2648
642 881 3048
642 1020 4122
642 1198 4099
642 1232 1155
642 1359 3143
643 662 1135
643 873 1372
643 903 623
643 1312 2048
643 1345 1224
643 1391 4421
643 1397 3637
644 981 4226
644 1267 798
644 1385 4585
644 1438 3944
644 1450 4347
644 1474 380
645 686 2108
645 702 587
645 817 3559
645 902 3461
645 982 1107
645 1069 2590
645 1261 2277
646 844 3427
647 755 3358
647 1046 384
647 1058 1936
647 1061 1036
647 1107 543
647 1112 4945
648 677 2706
648 859 376
648 1031 130
648 1039 4712
648 1121 4688
648 1461 2468
650 700 4215
650 781 511
650 850 2553
650 886 3462
650 1207 2884
650 1263 507
651 678 3681
651 885 4576
651 948 4559
651 1060 8
651 1217 356
652 730 146
652 1375 4598
653 832 3540
653 861 3596
653 939 3014
653 1038 505
653 1065 3468
653 1166 3938
653 1391 3452
653 1421 4262
653 1423 2659
654 969 439
654 1202 2037
654 1447 3435
654 1486 1044
656 740 3506
656 1232 3861
656 1454 3941
657 865 4689
657 907 1835
657 1087 2998
657 1199 3171
657 1215 3843
657 1446 4656
658 734 347
658 741 2289
658 1097 4674
658 1131 1308
659 678 4692
659 985 898
660 785 644
660 877 3946
660 1247 3939
660 1410 2546
661 804 3778
661 923 4212
661 1254 1903
662 942 3299
662 1076 284
662 1293 653
663 769 933
663 970 3307
663 1028 3253
663 1472 587
663 1473 1169
664 953 4097
664 1042 722
664 1247 3929
664 1263 4220
664 1357 4620
665 777 877
665 804 230
665 907 2042
665 1088 57
665 1183 1525
666 683 4357
666 763 1783
666 1019 2717
666 1040 3988
666 1155 1045
667 980 577
667 1162 4049
667 1175 2955
667 1415 3464
668 706 197
668 745 3584
668 896 929
668 948 2699
668 1203 4384
668 1392 337
668 1443 1835
669 1044 3996
669 1105 3712
669 1189 3472
670 676 1768
670 690 1099
670 950 1101
670 1060 1446
670 1118 2138
671 937 4094
671 1056 557
671 1183 78
671 1192 1557
672 838 1077
672 1038 997
672 1195 2862
672 1258 4241
672 1304 1046
673 1111 2719
673 1116 766
674 759 2691
674 997 4141
674 1187 944
674 1379 912
675 711 4559
675 871 1475
675 886 1188
675 1203 4653
675 1427 2003
676 860 3152
676 934 2806
676 1056 2200
677 1263 2640
677 1456 2972
678 817 30
678 830 2034
678 1093 1731
678 1141 2524
678 1332 4115
678 1412 1234
679 1081 4031
679 1131 2321
679 1218 466
679 1260 386
679 1373 1212
680 1077 2164
680 1079 58
680 1124 819
680 1233 3057
680 1430 1714
681 772 1145
681 966 588
681 1131 1616
681 1205 674
681 1375 3919
681 1489 1224
682 909 1567
682 1031 4590
682 1170 749
682 1301 2933
683 1169 4761
683 1382 851
684 707 3562
684 1038 4615
684 1336 466
685 866 4265
685 1223 75
686 942 1376
686 962 4153
687 762 1749
687 950 2250
687 959 1781
687 1041 1249
687 1337 1176
687 1462 4149
688 789 1120
688 862 1636
688 1101 4313
688 1165 2580
688 1279 2847
689 959 2358
689 1000 510
691 696 1667
691 981 373
691 1186 248
692 737 3484
692 1288 1767
692 1446 1669
692 1494 1466
693 918 4998
693 981 1958
693 1131 1048
693 1367 4275
694 815 1254
694 844 1059
694 904 3242
694 971 1224
694 1005 4317
694 1221 4695
694 1398 2387
694 1421 4888
695 1064 2972
695 1196 2686
695 1444 545
696 721 182
696 873 4411
696 1319 4018
696 1439 4710
697 1037 3436
697 1086 3313
697 1143 981
697 1493 3460
698 892 749
698 1122 87
698 1408 622
698 1468 2772
699 779 445
699 804 382
699 1147 74
699 1164 3633
699 1391 795
700 709 4790
700 776 3948
700 879 766
700 968 3488
700 1231 2423
700 1437 283
701 821 218
701 1053 1418
701 1063 2903
701 1084 438
701 1297 3330
701 1327 705
702 707 4208
702 779 3495
702 915 925
702 990 2159
703 845 2629
703 1102 1892
703 1255 273
703 1263 2009
703 1480 2538
704 741 1035
704 749 2217
704 897 1980
704 976 1890
704 1180 2435
704 1413 4078
704 1446 2352
705 796 1322
705 825 2079
705 894 564
705 1050 39
705 1243 3219
706 965 558
706 1032 3947
706 1271 937
707 800 1205
707 1030 1226
707 1153 4111
708 782 1313
708 844 57
708 1164 3817
708 1294 1179
708 1306 1425
709 897 2246
709 934 420
709 1284 791
710 879 913
710 1114 1422
710 1235 4748
711 781 1974
711 805 145
711 857 3168
711 1098 4128
712 727 2957
712 1125 4824
712 1280 4097
712 1288 2682
713 823 978
713 1216 1732
713 1357 4764
713 1422 2160
714 760 1324
714 893 2401
714 1155 394
714 1290 1753
714 1307 1575
714 1358 4937
714 1441 2612
715 1156 2348
715 1307 4232
716 1040 3260
716 1449 220
717 808 673
717 1098 74
718 1069 272
718 1206 1411
718 1209 2613
718 1351 4591
718 1386 191
718 1495 3440
719 744 261
719 1361 336
719 1434 2947
720 915 4356
721 757 4199
721 853 2518
721 992 3652
721 1186 1458
721 1350 4534
721 1368 17
722 787 3860
722 1037 4985
722 1077 506
722 1086 3992
723 875 3231
723 1253 620
723 1458 2439
723 1464 2689
724 1004 4143
724 1095 988
724 1202 4630
725 805 3153
725 960 4165
725 1023 2064
725 1235 4557
725 1317 1500
725 1425 4615
725 1426 1504
726 946 2232
726 1208 372
726 1216 1246
726 1278 3835
727 817 2387
727 1111 2035
727 1424 4215
728 737 4155
728 780 219
728 1350 3853
728 1472 946
729 773 61
729 1068 1904
729 1114 171
729 1321 3587
730 897 4124
730 996 2852
730 1083 3965
730 1149 658
730 1266 4866
731 737 376
731 984 2039
731 1154 1744
731 1213 3804
731 1215 1431
732 1147 10
732 1197 4210
732 1208 314
733 947 4042
733 1155 2593
733 1401 1551
733 1458 3170
734 776 698
734 990 3481
734 1026 1472
734 1067 314
734 1140 1229
734 1160 1442
734 1175 2397
735 792 3022
735 982 4341
736 944 815
736 1158 3303
737 809 4420
737 884 4859
737 1187 2789
737 1375 609
738 790 3619
738 1074 1496
739 774 3597
739 1192 3534
739 1302 3461
739 1418 1336
740 974 422
740 1010 2348
740 1322 4825
740 1469 2593
741 747 4223
741 835 3681
741 977 870
741 1149 617
741 1171 2537
741 1227 492
742 791 4649
742 1194 1775
743 1431 3526
744 797 1326
744 903 493
744 940 1649
744 952 3047
744 1072 3028
744 1263 4942
744 1315 4974
744 1338 4490
745 906 704
745 937 4206
745 948 1417
745 1168 3782
745 1186 4802
745 1409 218
745 1489 2972
746 1050 4219
746 1119 4633
746 1319 2226
746 1361 383
746 1426 716
747 753 4348
747 834 4479
747 964 1425
747 1129 2480
747 1357 779
748 1015 3096
748 1201 2089
748 1446 1777
749 813 381
749 850 3687
749 924 1582
749 973 867
749 1121 1248
749 1246 1171
749 1280 2596
750 761 3281
750 996 4182
750 1005 2056
750 1165 4325
750 1223 4528
750 1259 2635
750 1279 454
751 917 4237
751 923 3079
751 1023 2147
751 1190 1523
751 1327 540
752 1150 4580
752 1232 149
753 858 3111
753 957 2647
753 1298 47
753 1495 4895
754 1149 4196
754 1271 2760
754 1330 4368
754 1393 1010
755 774 120
755 984 4488
756 1267 2871
756 1296 1869
756 1465 1291
757 904 1219
757 962 592
757 997 4018
757 998 3383
757 1009 105
757 1154 3955
757 1159 353
757 1199 2711
757 1217 2309
757 1240 3372
757 1312 1620
757 1323 2557
757 1397 3025
758 820 700
759 1038 2044
759 1468 563
760 885 4553
760 962 3232
760 1439 470
761 878 4825
761 1193 811
761 1217 831
761 1259 1751
761 1268 980
762 802 1731
762 1024 1269
762 1117 229
762 1140 4989
762 1172 1419
762 1466 596
763 951 708
763 1005 3170
763 1138 1503
763 1281 816
763 1343 1531
764 893 1177
764 1322 4826
765 819 2732
765 1083 377
765 1464 4692
766 898 3600
766 999 2327
766 1252 2755
767 1243 2750
767 1296 2826
768 983 3440
768 1084 4668
768 1095 344
768 1263 3457
768 1456 331
769 953 352
769 993 1310
769 1068 2828
770 852 1178
770 857 4962
770 1043 1397
770 1181 3604
770 1427 2202
771 1223 2130
771 1282 1701
772 1001 3954
772 1161 3238
772 1186 4100
772 1187 762
772 1225 4492
772 1448 2424
772 1458 1225
774 1003 3493
774 1047 2076
774 1335 1464
775 913 2308
775 917 4055
775 1320 458
776 1268 2278
777 835 4415
777 844 2793
777 857 4176
777 1184 4003
777 1226 2124
778 1119 2490
778 1170 3703
778 1226 1481
778 1295 2665
778 1391 3758
778 1441 1071
779 1229 1187
779 1341 598
779 1474 2887
780 851 2846
780 871 643
780 948 789
780 1084 4680
780 1088 1241
780 1387 1927
781 909 1522
781 957 996
781 1092 4583
781 1111 2649
781 1323 1916
782 1092 420
782 1235 559
782 1375 2588
782 1484 2217
783 1057 2374
783 1407 2257
784 1108 4330
784 1230 657
784 1247 2572
784 1450 632
785 849 3357
785 1038 2288
785 1274 2193
786 1149 4097
786 1192 3550
786 1283 944
786 1353 1319
787 1016 1922
787 1106 4183
787 1220 1699
788 874 1418
788 1120 2131
788 1124 2676
788 1265 2594
788 1310 2977
788 1445 1081
788 1481 1420
789 1153 2455
789 1237 375
789 1387 3099
789 1492 3392
790 798 1582
790 854 1706
790 1009 1800
790 1353 425
790 1365 3248
791 968 1481
791 1043 4101
791 1174 3141
791 1179 3551
791 1268 968
791 1361 2573
791 1411 845
792 853 948
792 953 4754
792 1029 4083
792 1075 4300
792 1151 407
792 1359 419
793 857 1453
793 976 3396
793 980 2873
794 949 521
794 977 3853
794 1185 2575
794 1210 4941
794 1492 4280
796 1441 728
798 950 2553
798 1073 2256
798 1097 3963
798 1192 4331
798 1319 2298
799 878 3672
799 887 3103
799 979 481
799 1150 1175
799 1168 4033
799 1258 226
799 1369 1341
800 834 2565
800 1030 3695
800 1329 1146
801 846 834
801 881 185
801 999 4287
801 1199 4167
801 1202 2827
802 1147 3544
802 1152 2649
802 1208 1903
803 1347 897
803 1361 908
804 897 1357
804 1127 66
804 1449 3271
805 929 3893
805 932 2722
805 1048 4795
805 1273 166
805 1365 2075
805 1466 951
806 1423 4799
807 1050 2371
807 1199 1862
807 1215 3871
807 1231 535
807 1241 1236
808 811 3364
808 941 2356
808 962 4453
808 1171 3079
808 1233 3659
809 888 1616
809 899 4423
809 1081 3708
809 1088 3024
809 1229 2839
809 1341 4302
809 1417 942
811 1018 2621
811 1211 1257
812 1269 289
812 1401 3977
812 1459 2370
813 1408 2296
814 870 2457
814 1031 4368
814 1036 1757
814 1044 4414
814 1052 4383
814 1187 2131
814 1229 873
815 1112 3893
815 1114 335
815 1157 4306
816 845 4613
816 897 1831
816 1008 105
817 878 259
818 855 1571
818 1419 4201
818 1473 1074
818 1479 4005
819 1026 1529
819 1030 1408
819 1162 790
820 1255 4324
820 1420 2021
821 929 3766
821 1060 4673
822 844 3497
822 847 4387
822 1084 2098
822 1391 3428
823 1068 1877
823 1366 2681
824 1014 2576
825 997 3769
825 1421 2591
825 1425 1207
825 1467 3825
826 1087 438
826 1240 3183
826 1243 4528
826 1458 2884
827 993 3682
827 1004 1837
827 1059 4337
827 1445 2823
828 1226 1285
828 1441 875
829 879 4901
829 996 4346
829 1149 2409
829 1220 1293
829 1462 13
830 918 3699
830 952 3633
830 994 1385
830 1152 526
830 1235 2517
830 1244 3500
833 1351 3792
833 1435 173
833 1478 952
834 848 3832
834 1056 694
834 1205 2207
836 1326 3945
836 1405 56
836 1474 3259
837 904 2664
837 972 1962
838 878 4679
838 934 1689
838 1193 241
838 1199 1952
838 1357 2778
839 941 3523
839 1036 3923
839 1064 1412
839 1371 2744
840 992 1354
841 916 3957
842 941 4984
842 1113 1691
842 1223 769
843 870 3476
843 1165 4971
844 921 3970
844 1273 4367
844 1369 26
844 1377 3635
845 882 174
845 962 2103
845 1104 4963
845 1235 195
845 1416 3496
845 1500 4087
846 980 3483
846 1003 3407
846 1151 4320
846 1188 2873
846 1197 2841
846 1360 834
847 849 2281
847 1040 3878
847 1155 3425
847 1259 2870
847 1378 2355
847 1474 464
847 1477 2193
848 1051 378
849 1073 700
849 1080 3945
849 1120 4479
849 1140 3636
851 915 2005
852 919 2717
852 1056 1283
852 1244 1068
852 1383 3802
853 927 2386
853 1440 4951
854 878 3363
855 1012 845
855 1485 1050
856 1112 4886
856 1160 1869
857 1088 1036
857 1226 2162
857 1299 3024
857 1372 4151
858 875 2010
858 1275 4665
858 1485 2538
859 1007 515
859 1134 1912
860 930 4782
860 1227 4620
861 954 2942
861 1069 245
861 1113 4422
861 1262 1668
862 966 654
862 1094 1642
862 1212 3705
863 892 2909
863 893 3080
863 953 2851
863 1292 2408
863 1343 4920
863 1461 3747
864 936 2566
864 982 2998
864 1241 1672
864 1305 3033
865 1092 4397
865 1282 3783
865 1446 4684
866 1084 3868
866 1320 3070
866 1371 3729
867 941 2389
867 1031 333
867 1166 3391
867 1245 3155
867 1263 4646
867 1269 4725
867 1420 816
867 1452 4274
868 975 4534
868 1011 3072
868 1026 3111
868 1379 2986
868 1459 1929
869 900 3935
869 1283 2686
869 1347 819
869 1472 3487
870 982 1215
870 1101 1117
870 1293 4426
870 1500 3048
871 966 242
871 1088 2013
871 1423 386
871 1474 1990
872 1426 1737
873 1201 2731
873 1425 3055
874 1166 2059
874 1207 651
874 1340 1689
874 1491 4206
875 934 1858
875 976 4685
875 1372 3270
875 1381 2546
876 1012 4344
876 1290 3280
876 1335 3685
876 1356 739
876 1375 2517
876 1493 4561
877 935 1293
877 990 3140
877 1011 2166
877 1019 4684
877 1288 50
877 1305 359
878 1068 4471
878 1074 3353
878 1087 2538
878 1092 1820
878 1433 832
879 1083 525
879 1089 4357
879 1146 2681
880 1012 1224
881 895 3210
881 1306 4502
881 1377 2320
882 1165 37
882 1224 2182
882 1362 4467
882 1396 2717
883 918 2364
883 1068 466
884 974 2763
884 1181 3792
884 1202 4473
885 1456 588
886 956 4780
886 971 3912
886 991 2808
886 1161 3186
886 1207 890
886 1212 921
887 921 1289
887 987 4812
887 1224 1534
887 1285 3535
887 1452 4390
888 1051 4065
888 1103 4564
888 1379 3000
888 1432 787
889 950 751
889 1385 3118
890 909 2937
890 1458 4290
890 1469 165
891 1046 4258
891 1352 2597
892 901 66
892 938 1660
892 972 3428
892 1252 802
893 934 2422
893 1318 4740
893 1345 72
893 1363 929
893 1414 2244
894 920 4127
894 1054 407
894 1073 2852
894 1143 4084
894 1192 1500
894 1456 1846
895 1468 535
896 1013 1385
896 1031 2876
896 1156 1148
896 1283 4521
896 1377 4085
897 1420 2091
897 1472 4318
898 944 1671
898 988 3085
898 1395 2636
899 956 644
899 1344 3030
899 1432 748
900 970 1455
900 1187 2753
900 1272 4425
900 1300 3845
900 1310 666
900 1323 2030
900 1393 1234
901 903 3310
901 1181 1502
901 1395 460
901 1455 4840
901 1473 2099
902 1050 3464
902 1230 2116
902 1418 3044
904 963 212
904 1296 2943
905 918 1348
905 1128 4772
906 1045 589
906 1055 4992
906 1129 2382
906 1147 892
906 1445 2073
907 940 2543
907 1177 3338
907 1204 4287
907 1315 3853
907 1498 4274
908 1223 736
908 1357 2755
908 1383 2557
909 1304 2781
909 1318 289
910 1055 506
910 1184 983
910 1208 4460
910 1342 1887
910 1479 4091
912 999 1308
912 1022 3832
912 1121 1079
912 1430 1001
912 1491 3671
913 917 3002
913 944 1853
913 983 2126
913 1163 2948
914 1035 4093
914 1173 720
914 1399 1860
915 934 2342
915 1131 625
916 1084 4956
916 1196 4220
916 1327 361
917 1121 1683
918 1052 1218
918 1207 4543
918 1360 2635
918 1498 2876
919 1090 4824
920 923 432
920 1026 1892
920 1095 4597
920 1116 2992
920 1393 3418
920 1460 4486
921 1284 395
922 1097 2757
922 1183 1187
922 1220 2354
922 1395 3266
923 1281 3988
923 1355 3071
923 1388 1073
923 1429 3438
923 1456 4608
924 962 4410
924 968 1150
924 1360 1404
924 1363 3124
925 1032 412
925 1148 4681
925 1280 2569
927 971 3417
927 1012 2251
927 1117 1502
927 1250 3341
927 1403 3650
928 1176 413
928 1300 4426
928 1335 1348
929 1049 236
929 1114 419
929 1146 488
929 1250 4555
930 1011 4226
930 1050 1880
930 1212 1617
931 1055 588
931 1160 85
931 1236 1477
931 1355 2168
931 1357 2585
932 1082 992
933 1201 1358
933 1340 812
933 1439 3618
934 1080 4670
934 1112 3773
934 1142 1034
934 1223 117
934 1283 2133
934 1330 1861
934 1354 4893
935 1073 2285
935 1220 2443
935 1262 4184
936 1020 4019
937 1058 1335
937 1206 1285
937 1454 3198
938 1050 235
938 1134 4049
938 1287 616
938 1441 1114
941 1185 749
942 1075 3160
942 1400 1194
943 962 2193
943 1191 3359
943 1331 3116
943 1467 3688
944 1046 2880
944 1139 3299
944 1229 2697
944 1275 822
944 1313 4528
944 1337 1132
944 1352 2867
944 1366 2201
945 1012 2711
945 1087 9
945 1206 2027
945 1382 1609
946 1168 1236
947 1043 3508
947 1299 810
947 1322 4650
947 1377 2738
947 1451 2765
948 1273 3229
948 1379 388
948 1397 3779
949 1338 4798
950 952 1762
950 1106 4418
950 1152 313
950 1296 64
951 1013 2781
951 1230 116
951 1269 3963
951 1389 3214
951 1489 4730
952 1031 4906
952 1113 2948
952 1174 909
952 1182 3482
952 1467 3208
953 1044 2757
953 1218 1152
953 1302 3361
954 1077 2861
954 1308 556
955 995 4286
955 1156 2407
955 1347 4103
955 1421 4876
955 1464 2481
956 1069 3893
956 1132 4109
956 1142 911
956 1252 4849
956 1498 907
957 1153 818
957 1443 1298
957 1458 2702
958 969 466
958 1037 710
958 1163 2871
958 1181 588
959 1213 2908
959 1480 1592
960 1043 4124
960 1363 1382
960 1468 1586
961 1026 544
961 1135 4692
961 1136 3916
961 1341 1159
963 979 490
963 1296 4900
964 970 798
964 1125 4380
964 1220 4171
964 1280 4136
964 1383 17
964 1432 4075
965 1323 4959
965 1448 2768
965 1491 3290
966 1364 3318
966 1490 4158
968 1041 1885
968 1189 4651
968 1213 3343
968 1246 2674
968 1448 1636
969 1074 1657
970 983 33
970 1234 1966
971 1166 2238
971 1389 3292
972 1061 4101
972 1184 2119
972 1190 3496
972 1245 1281
972 1306 1787
972 1448 1539
972 1457 3748
972 1490 1471
973 981 774
973 1091 3733
973 1201 2345
973 1221 1449
973 1364 2547
974 1198 2707
974 1221 2552
974 1313 1994
974 1341 4088
975 1041 1341
975 1128 2549
976 1170 2549
977 992 1703
977 1187 3720
977 1297 1550
979 1073 2414
979 1404 1538
979 1439 2425
979 1452 418
980 1107 498
980 1384 4780
981 1419 1287
982 1196 4607
982 1400 2955
982 1445 1583
983 1092 3115
983 1374 4179
984 1155 2367
984 1358 2945
984 1381 1270
985 1032 2992
985 1090 207
985 1099 3650
985 1103 2190
985 1342 2576
986 1270 1535
987 1249 4716
987 1370 4876
988 1278 2830
989 1030 4236
990 1049 3059
990 1058 4396
990 1287 1593
990 1411 3855
991 1057 1327
991 1172 1459
991 1296 2212
991 1359 945
992 1038 3828
992 1153 3868
992 1275 3663
992 1395 2595
993 1370 3174
994 1071 1123
994 1207 1511
994 1308 2750
995 1369 1387
995 1426 1053
995 1429 754
995 1461 3752
995 1468 4021
996 1163 1326
996 1312 2221
996 1344 1725
996 1468 2282
997 1037 602
997 1205 1858
997 1356 158
997 1358 655
997 1475 4345
997 1483 2666
998 1158 1649
1000 1379 2450
1000 1402 4185
1000 1473 3560
1001 1296 110
1002 1060 1001
1002 1085 4047
1002 1152 813
1002 1173 2118
1003 1013 1925
1004 1061 2418
1004 1089 3351
1004 1261 2570
1004 1348 3282
1005 1043 1948
1005 1145 1063
1005 1162 941
1006 1107 1910
1006 1481 3536
1006 1488 3920
1007 1017 2983
1007 1376 368
1008 1063 941
1008 1406 454
1009 1197 2425
1009 1277 800
1010 1301 3885
1010 1429 2972
1011 1132 765
1011 1341 1637
1011 1382 88
1012 1092 4901
1012 1196 2039
1012 1201 780
1012 1211 4699
1013 1196 2950
1013 1309 4262
1013 1434 3958
1014 1313 2066
1014 1322 4830
1014 1433 3880
1015 1194 723
1015 1289 685
1015 1466 2011
1015 1474 1002
1016 1110 4065
1016 1221 4831
1016 1266 1955
1016 1394 1219
1017 1113 4778
1017 1143 4481
1017 1369 1909
1017 1425 3150
1018 1111 874
1018 1496 661
1019 1209 3022
1019 1326 4912
1021 1072 2712
1021 1091 2396
1021 1201 2711
1021 1481 4731
1022 1150 1479
1022 1300 1266
1023 1030 515
1023 1280 449
1023 1329 2273
1023 1365 3957
1024 1200 1742
1024 1243 4106
1025 1368 2705
1025 1386 2331
1026 1044 2883
1026 1324 765
1027 1039 1688
1027 1258 4987
1028 1050 2526
1028 1411 3231
1030 1275 2770
1031 1276 4939
1032 1053 2288
1032 1303 1840
1033 1047 3699
1033 1092 997
1033 1435 2608
1034 1038 650
1035 1082 4925
1035 1329 2031
1036 1042 1682
1036 1083 4380
1036 1110 4881
1037 1389 1401
1037 1410 3981
1038 1185 4074
1038 1415 2465
1039 1142 1496
1042 1058 1768
1042 1162 1286
1043 1189 158
1043 1261 2333
1043 1464 3892
1045 1072 4596
1045 1128 213
1045 1479 1378
1045 1491 3026
1046 1086 2931
1046 1097 3253
1046 1100 3448
1046 1215 3963
1046 1228 686
1047 1097 540
1047 1208 3085
1047 1389 3950
1049 1264 2165
1049 1303 4517
1049 1397 3763
1049 1420 2256
1050 1054 1869
1050 1411 1016
1051 1197 3187
1052 1203 2653
1052 1290 150
1052 1452 3300
1053 1165 4043
1053 1236 1626
1053 1361 3200
1054 1091 4873
1054 1437 739
1055 1228 2686
1055 1459 3683
1055 1476 1408
1056 1077 3444
1056 1105 4106
1056 1171 379
1057 1290 914
1057 1404 4659
1058 1321 3002
1058 1356 4855
1059 1116 2264
1059 1417 4008
1062 1166 77
1062 1193 4218
1062 1232 1333
1062 1397 688
1063 1212 67
1063 1397 2502
1064 1162 777
1064 1398 1697
1064 1482 3165
1065 1250 1087
1066 1385 999
1066 1414 2044
1066 1424 973
1067 1341 2978
1067 1364 1570
1068 1181 4893
1068 1345 3711
1068 1398 3505
1069 1125 1446
1070 1217 3283
1070 1305 2125
1071 1184 1870
1071 1495 2811
1072 1207 3511
1072 1243 652
1072 1493 3602
1073 1365 4465
1074 1196 2328
1074 1291 794
1075 1115 429
1075 1171 1275
1075 1201 877
1075 1488 2930
1076 1219 417
1076 1308 1639
1077 1327 1208
1077 1380 3795
1077 1436 3820
1078 1126 3464
1078 1162 2761
1079 1117 4654
1079 1470 1549
1080 1224 2166
1080 1407 334
1081 1181 1470
1081 1234 513
1081 1464 3580
1082 1375 4083
1083 1137 2211
1083 1152 3350
1083 1277 2168
1083 1361 3674
1084 1415 2355
1086 1208 1028
1086 1366 4614
1086 1425 3717
1086 1483 2828
1087 1242 1090
1088 1167 4112
1089 1165 1392
1090 1250 3409
1090 1293 337
1090 1319 2326
1090 1339 2471
1091 1454 3117
1091 1490 3837
1092 1289 2945
1093 1098 1108
1093 1276 57
1093 1423 1745
1093 1468 592
1094 1222 2903
1094 1252 693
1094 1413 1685
1097 1144 1933
1098 1287 153
1099 1220 4772
1100 1161 961
1100 1248 845
1101 1108 4766
1101 1230 1260
1101 1351 3962
1102 1239 3245
1102 1375 2742
1103 1415 4156
1104 1181 1624
1104 1381 823
1105 1294 4766
1105 1432 537
1107 1133 3453
1107 1193 1016
1107 1484 4893
1108 1124 1338
1108 1337 971
1108 1375 776
1108 1474 2397
1109 1156 1694
1111 1184 3929
1111 1347 946
1111 1366 4352
1111 1440 4508
1111 1472 3858
1111 1489 2979
1112 1491 658
1113 1118 2797
1113 1147 152
1113 1457 3799
1114 1167 4896
1114 1477 89
1115 1247 2005
1115 1486 2898
1116 1261 2564
1117 1203 4684
1118 1215 4723
1118 1238 3200
1118 1336 911
1118 1382 4327
1118 1489 3661
1119 1121 44
1119 1254 2023
1120 1326 3078
1120 1499 672
1121 1409 1494
1121 1443 1709
1121 1462 4448
1122 1163 4908
1122 1229 2303
1122 1325 848
1122 1403 1036
1123 1247 4166
1124 1226 373
1125 1127 2919
1125 1295 267
1125 1372 1043
1125 1414 50
1125 1461 2992
1126 1133 1380
1126 1203 3965
1126 1216 4851
1126 1365 863
1128 1129 1923
1128 1134 647
1128 1190 1460
1128 1374 1444
1129 1335 2659
1129 1351 2608
1130 1211 4029
1130 1357 828
1130 1379 4816
1131 1132 4809
1132 1212 2080
1132 1287 2444
1133 1261 2707
1134 1256 2963
1134 1403 3455
1135 1331 4054
1135 1351 3302
1136 1282 1285
1136 1284 2702
1136 1363 1309
1137 1142 1048
1137 1301 4086
1138 1177 4857
1138 1485 552
1140 1191 2638
1140 1455 17
1141 1237 2812
1141 1346 1525
1143 1245 3861
1143 1250 2725
1143 1285 2343
1143 1413 2335
1144 1338 1194
1144 1462 2552
1145 1195 4026
1147 1259 4516
1147 1327 2936
1148 1191 4217
1149 1197 87
1149 1238 4925
1149 1251 21
1149 1296 220
1149 1370 1043
1149 1386 242
1149 1479 4790
1150 1161 2733
1150 1236 1836
1150 1336 2874
1151 1176 3011
1151 1256 4455
1151 1338 2676
1152 1227 422
1152 1349 1174
1152 1366 4151
1153 1239 2143
1153 1255 1657
1155 1160 373
1156 1214 2356
1157 1284 2920
1157 1293 2217
1157 1440 2873
1159 1290 9
1159 1321 2605
1159 1385 4828
1160 1415 2465
1162 1216 3578
1162 1325 1648
1162 1331 3857
1163 1455 2896
1164 1499 1154
1165 1307 1414
1165 1415 2709
1166 1281 2001
1166 1396 3707
1166 1427 4237
1167 1248 3228
1168 1226 1620
1168 1265 4445
1169 1245 1904
1169 1296 348
1169 1446 2252
1169 1475 4825
1170 1200 1195
1170 1487 1713
1172 1237 3321
1172 1291 2086
1173 1297 2219
1174 1392 669
1175 1283 830
1175 1307 4709
1177 1228 31
1177 1400 1717
1179 1356 1917
1179 1435 533
1180 1182 3039
1180 1196 4564
1180 1339 2438
1180 1460 728
1181 1198 2885
1181 1286 278
1181 1456 3824
1182 1190 35
1185 1433 3644
1185 1473 1274
1186 1196 2327
1186 1259 3095
1186 1385 3731
1186 1452 291
1189 1250 4814
1189 1285 1825
1190 1273 1407
1190 1467 1430
1191 1316 1971
1191 1425 2269
1191 1432 2556
1191 1496 1907
1193 1219 2618
1193 1294 3522
1193 1364 2222
1193 1424 97
1193 1444 205
1193 1499 178
1197 1202 441
1197 1366 4554
1198 1397 3267
1199 1365 2538
1200 1335 3376
1201 1309 1072
1201 1385 3176
1202 1359 4031
1203 1403 4624
1204 1494 2647
1205 1298 4474
1205 1299 46
1205 1339 3419
1205 1377 1705
1205 1395 791
1206 1418 307
1206 1482 4239
1208 1213 4446
1208 1221 187
1209 1236 4303
1209 1430 3140
1209 1483 4023
1209 1490 3136
1210 1439 4263
1213 1291 1931
1215 1352 202
1215 1436 1077
1216 1447 911
1217 1242 2297
1217 1263 3136
1217 1268 3446
1217 1299 52
1217 1467 3065
1218 1380 4992
1218 1387 2658
1218 1405 108
1219 1309 3986
1219 1370 96
1220 1313 122
1221 1375 2796
1223 1309 2997
1223 1386 821
1223 1404 1724
1224 1271 1591
1224 1394 102
1224 1493 2476
1225 1251 1334
1226 1302 1506
1226 1445 486
1228 1353 79
1228 1385 2857
1229 1373 4079
1229 1381 1416
1230 1302 4046
1230 1314 501
1231 1363 812
1231 1396 1338
1232 1340 3840
1233 1436 2686
1234 1354 3399
1235 1239 2204
1235 1249 258
1235 1338 2005
1235 1478 4931
1236 1387 3980
1236 1410 785
1236 1444 296
1238 1412 782
1238 1456 614
1238 1487 2499
1239 1288 3865
1239 1363 2039
1239 1448 1939
1239 1453 2479
1240 1425 448
1242 1300 851
1242 1316 2642
1242 1332 1537
1242 1359 3858
1243 1278 2137
1245 1266 3587
1245 1479 1291
1246 1495 2269
1248 1288 2755
1248 1483 4225
1251 1256 3685
1255 1283 4862
1255 1453 777
1255 1470 3379
1256 1300 1970
1256 1314 435
1256 1400 2057
1256 1417 3455
1257 1405 2466
1258 1329 2015
1260 1293 3882
1260 1299 468
1260 1346 1102
1261 1497 909
1262 1352 3244
1262 1397 683
1262 1445 4634
1264 1472 3825
1265 1276 1158
1265 1405 377
1267 1300 1580
1267 1347 2952
1268 1276 3833
1269 1426 4657
1269 1471 3718
1272 1362 1802
1272 1498 3464
1273 1337 3096
1274 1410 2910
1275 1317 4980
1276 1362 763
1277 1434 1731
1277 1486 4673
1279 1413 1883
1279 1460 642
1279 1480 612
1281 1439 110
1284 1324 4870
1284 1346 213
1285 1381 2427
1286 1490 1585
1287 1492 4020
1288 1355 1649
1288 1497 3032
1291 1377 3422
1293 1356 2317
1293 1451 2386
1293 1467 4191
1295 1365 2580
1296 1321 792
1296 1350 4863
1296 1434 321
1296 1476 1454
1297 1399 4817
1298 1333 2870
1300 1345 2371
1300 1484 4185
1301 1436 145
1305 1324 3709
1305 1366 2858
1306 1477 2092
1308 1368 3284
1311 1340 378
1312 1442 3313
1313 1328 1971
1314 1384 4819
1314 1386 2594
1317 1377 3188
1320 1354 2621
1320 1495 4965
1322 1379 1436
1322 1407 3794
1325 1476 4479
1328 1405 3960
1329 1386 2489
1329 1430 1773
1329 1492 1361
1330 1382 4152
1330 1424 765
1330 1438 2658
1332 1366 4145
1336 1470 2869
1339 1479 2818
1342 1437 3042
1343 1490 3903
1345 1468 204
1345 1482 829
1347 1355 4206
1351 1440 3897
1352 1404 3383
1352 1405 4797
1352 1495 3675
1354 1390 1609
1355 1415 1556
1355 1491 2963
1356 1489 1880
1357 1484 3320
1361 1371 4044
1361 1375 2720
1363 1446 3825
1364 1467 2411
1366 1421 1560
1367 1369 4627
1369 1373 28
1370 1371 1377
1371 1439 2142
1372 1408 2265
1373 1437 175
1374 1494 1766
1374 1499 2585
1375 1405 1202
1375 1482 4970
1379 1441 91
1381 1493 4875
1382 1393 3217
1382 1482 190
1383 1402 4307
1383 1467 16
1386 1412 2716
1386 1418 3841
1387 1399 353
1393 1473 1150
1394 1436 3210
1395 1442 4919
1397 1423 4825
1399 1469 4193
1401 1424 1933
1401 1494 4420
1402 1450 936
1405 1488 2607
1407 1471 2523
1409 1421 1778
1409 1468 131
1412 1452 3470
1412 1476 4755
1417 1447 597
1420 1439 445
1420 1447 332
1420 1473 4147
1424 1452 4683
1434 1449 2478
1436 1438 3432
1458 1479 3894
1471 1478 2823
1483 1494 4052
