300 981
1 25 1430
1 55 3504
1 102 2429
1 149 2353
1 166 3170
1 209 4
1 231 1333
1 279 4014
2 6 2798
2 62 1540
2 85 3949
2 149 4253
2 194 3341
2 250 713
2 263 786
2 273 3013
3 11 566
3 21 282
3 40 402
3 209 1237
3 233 2664
4 68 1599
4 72 4376
4 167 1314
4 174 1898
4 197 3059
4 288 4058
4 289 1040
4 298 4131
5 24 1082
5 43 4569
5 187 4816
5 205 342
5 292 4903
6 42 2380
6 93 2099
6 127 4701
6 142 2424
6 167 1587
6 168 1807
6 200 2778
6 218 4957
6 248 3874
7 39 4341
7 40 763
7 56 3277
7 85 545
7 100 1544
7 130 4881
7 155 3620
7 183 4158
7 197 3056
7 267 3387
7 297 308
8 66 1540
8 92 251
8 117 1214
8 118 2274
8 133 1840
8 139 184
8 148 1124
8 160 707
8 175 3081
8 189 4538
8 257 3229
8 266 2795
8 280 2676
9 22 3437
9 44 4846
9 81 1
9 208 2236
9 230 4279
9 263 2492
9 283 3627
10 71 59
10 182 3412
10 256 3422
10 269 1890
11 15 2562
11 20 4092
11 187 2493
11 198 1982
12 45 4999
12 124 4797
12 132 2236
12 207 4164
12 222 3377
13 34 821
13 42 4339
13 108 3451
13 210 362
13 222 4846
13 253 4699
13 254 248
14 24 679
14 60 585
14 95 3101
14 107 2797
14 148 4793
14 185 4844
14 240 3460
14 241 4320
14 249 1838
15 75 754
15 135 1494
15 146 622
15 225 2174
15 265 2126
15 289 406
16 25 3858
16 73 1504
16 114 860
16 126 1578
16 140 1676
16 149 3691
17 155 4816
17 162 44
18 88 2136
18 124 4276
18 168 4961
18 176 56
18 283 2150
18 293 534
18 300 2056
19 24 3160
19 87 1570
19 266 2589
19 268 4487
19 296 3744
19 299 444
20 27 4366
20 117 3486
20 191 451
20 206 1768
20 208 1171
20 233 2341
20 288 3068
21 22 1787
21 194 1636
21 221 2472
21 267 530
21 293 1127
22 53 3941
22 114 409
22 181 1967
22 187 1821
23 76 4758
23 110 1188
23 202 3330
23 236 1479
24 54 1542
24 60 4013
24 76 4592
24 109 1351
24 213 1955
24 231 404
24 246 799
24 274 4627
25 49 1544
25 96 1482
25 110 4238
25 192 1106
25 207 2153
25 274 1699
26 236 2059
26 276 2680
27 112 1130
27 145 2062
27 226 2665
27 260 2959
27 296 739
28 97 4525
28 149 482
28 154 3330
28 218 2597
28 232 224
29 30 989
29 112 1347
29 157 3
29 178 1948
29 182 3301
29 231 484
29 250 905
29 287 510
30 55 1143
30 79 4798
30 94 5
30 97 1273
30 112 2645
30 296 3181
31 34 463
31 78 3243
31 81 2651
31 115 3713
31 138 4666
31 161 4927
31 280 2024
32 61 4337
32 63 1612
32 158 1521
32 214 166
32 227 430
32 247 1375
32 259 3502
33 56 4503
33 204 316
33 244 119
33 252 1810
33 276 230
33 277 3665
34 60 4296
34 131 1571
34 186 4773
34 291 1278
35 50 2105
35 84 3570
35 187 1167
35 208 4073
35 213 4196
35 254 228
35 276 2605
36 57 3588
36 144 2789
36 200 2005
36 206 3138
36 230 2184
36 276 961
37 41 4355
37 80 643
37 91 2383
37 103 1072
37 106 1767
37 123 2316
37 197 4811
37 291 4790
38 91 2545
38 102 4904
38 109 3514
38 136 1832
38 176 2686
38 204 2801
38 281 4815
38 289 3396
39 136 818
39 151 4225
39 168 1578
39 176 1180
39 179 4909
39 221 1227
39 246 2256
40 110 2206
40 138 1584
40 202 2110
40 247 1635
41 133 1024
41 182 4707
41 202 3938
41 266 2505
41 300 3605
42 50 2366
42 52 2951
42 75 2569
42 199 4865
42 265 444
43 59 2676
43 117 1923
43 124 1938
43 150 1298
43 165 2564
43 189 1299
43 253 427
44 130 775
44 150 1560
44 162 4294
44 168 372
44 224 3415
44 246 926
45 89 3064
45 101 2701
45 155 139
45 190 1846
45 194 1234
45 208 2908
45 257 1049
45 284 4502
46 190 1382
46 283 2288
47 111 2298
47 132 4222
47 247 4351
47 294 3392
48 53 3824
48 70 2917
48 104 1198
48 112 1964
49 81 418
49 150 4793
49 201 2742
49 267 2535
50 65 4862
50 110 1492
50 122 1068
50 207 2978
50 238 1491
50 250 1976
50 271 1458
51 55 4680
51 148 3451
51 162 3129
51 204 2794
51 249 4802
51 256 3563
52 124 3198
52 136 4558
52 181 1389
52 183 3921
52 193 1972
52 293 3700
53 76 4935
53 254 4271
54 128 3846
54 141 1337
54 149 806
54 194 3715
54 201 2647
54 290 696
55 152 1543
55 153 3435
55 195 4865
55 281 2460
56 58 1857
56 79 2411
56 238 2375
56 245 2767
57 98 2877
57 197 424
57 269 2893
57 280 4287
58 69 4098
58 156 1893
58 186 804
58 231 3895
58 265 4088
58 290 470
59 98 2770
59 114 525
59 183 744
59 202 4690
59 226 38
60 89 1513
60 102 3543
60 199 1200
61 127 2565
61 144 2786
61 222 3366
61 250 3599
62 82 859
62 118 2155
62 164 3795
62 188 2423
62 262 4295
63 89 3501
63 122 1160
63 126 3378
63 218 2244
63 255 441
63 265 2898
64 109 2255
64 292 3307
65 103 346
65 120 228
65 139 2895
65 161 4363
65 185 2681
66 91 957
66 112 2931
66 185 3070
66 225 2949
67 128 3190
67 146 1940
67 167 4621
68 141 3805
68 277 693
68 288 1398
69 93 367
69 113 205
69 277 4780
69 287 1508
69 292 4664
69 299 4770
70 71 2378
70 85 3505
70 139 3586
70 219 2790
70 226 670
71 82 3763
71 118 4605
71 169 2851
71 181 4304
71 193 966
71 216 3890
71 223 3242
71 229 1840
71 265 4353
72 73 383
72 122 4545
72 126 3919
72 221 878
72 235 767
73 174 421
73 265 456
73 295 47
74 83 3207
74 133 206
74 142 4311
75 203 2212
75 231 873
75 261 817
76 91 4272
76 200 2539
76 290 2029
77 95 2284
77 102 572
77 109 3245
77 142 4849
77 183 1837
77 207 2301
77 221 2696
77 278 2115
78 130 1939
78 149 1721
78 202 2770
78 237 2956
78 279 1594
79 140 1995
79 168 2025
80 182 4151
80 263 4087
81 89 3644
81 144 4001
81 178 4269
81 183 853
81 234 1928
81 253 4481
81 274 4575
82 132 323
82 182 587
82 200 1439
83 111 3208
83 239 4432
83 242 1294
83 287 4811
84 180 4769
84 185 1586
84 189 2275
84 264 4365
85 127 3798
85 138 1703
85 170 3325
86 101 485
86 110 2850
86 135 2168
86 201 4990
86 203 4435
86 243 737
86 264 3683
87 102 1004
87 106 1173
87 111 1516
87 126 1031
87 150 2342
87 167 987
87 200 1951
87 202 3127
87 221 1930
87 239 62
87 266 250
88 115 4680
88 196 2598
88 230 2588
88 232 1853
88 235 3954
88 245 1922
88 284 4381
89 107 4128
89 113 4179
89 211 814
89 247 3943
90 117 4524
90 128 492
90 163 4496
90 221 4076
90 238 4251
90 280 4755
91 126 1183
91 127 4794
91 155 3282
91 238 197
91 296 4866
91 297 3863
92 102 1711
92 156 3987
92 238 626
92 277 4820
92 286 1592
93 139 2191
93 162 3858
93 240 1460
94 109 3884
94 189 3116
94 258 3382
94 272 4468
94 300 291
95 109 4963
95 122 1997
95 148 1570
95 157 1397
96 149 4125
96 150 3806
96 264 4613
97 98 1188
97 177 2051
97 183 849
97 253 1504
98 171 926
98 176 4545
98 177 1714
98 187 228
98 197 1900
98 198 3158
98 255 1336
98 298 2673
99 120 459
99 131 2409
99 180 3228
99 254 1433
100 101 2254
100 146 3691
100 199 165
100 261 4481
100 266 2394
100 279 1293
100 287 515
101 168 2913
101 169 441
101 223 49
101 235 1478
101 246 4382
101 295 657
101 300 3370
102 181 130
102 238 2247
102 252 707
102 261 1007
103 222 2626
103 231 4469
103 241 2758
104 118 1212
104 219 3944
105 222 2506
105 233 2995
105 289 2782
106 182 1442
106 202 548
106 203 3427
106 210 1584
106 223 1493
106 246 943
107 156 2354
107 187 2509
107 225 1883
108 127 1925
108 182 4906
109 114 3199
109 283 1835
110 127 3465
110 152 110
111 116 3723
111 205 1350
111 229 597
111 269 927
112 117 3998
112 191 19
112 214 2701
112 229 633
112 261 839
112 296 1968
113 176 1726
113 183 3726
113 200 4407
113 229 3250
113 251 4477
113 272 4802
114 267 714
115 126 3326
115 139 1992
115 222 4053
115 256 1694
115 290 2369
116 141 3732
116 189 165
116 200 2213
116 223 3595
116 249 4760
116 274 571
117 151 3888
117 195 2525
117 204 3692
118 189 4289
118 243 3550
119 137 2209
119 161 11
119 163 296
119 203 3065
119 214 866
120 258 2440
120 286 1613
120 294 940
121 162 3389
121 299 1519
122 152 1671
122 164 409
123 174 1577
123 204 428
123 205 2365
123 267 4476
123 273 1818
124 220 450
125 131 4560
125 152 3586
125 213 4824
125 280 2907
125 288 1261
126 130 3407
126 163 2506
126 230 1815
126 242 2020
126 272 228
127 207 3341
127 222 1070
128 131 4502
128 250 2667
128 282 4072
129 175 4774
129 198 3312
130 210 1327
130 220 1905
130 275 984
130 294 2975
131 163 2262
131 199 2643
131 278 2043
132 138 4671
132 143 1808
132 149 906
132 271 3846
133 174 1113
133 230 3707
133 236 1193
135 174 3755
135 215 3153
135 226 804
135 254 2085
135 256 113
135 263 458
136 137 4399
136 154 780
136 281 565
137 193 1275
137 253 3719
137 263 624
137 276 1805
137 282 1131
138 203 4947
138 208 1127
138 244 2109
138 245 531
139 154 4006
139 244 1777
139 246 3726
139 271 2275
140 154 2618
141 171 4092
141 198 2175
141 205 3608
141 230 3016
141 240 879
141 293 96
142 247 1536
142 259 4894
143 159 1514
143 209 2645
143 250 1618
143 288 3395
143 291 1511
143 299 2663
144 177 1840
144 207 2078
144 249 2302
144 287 1330
145 263 618
145 272 1187
145 279 73
146 173 4839
146 210 3961
146 254 4546
146 278 2918
147 225 560
147 265 3675
147 284 4696
147 285 782
148 168 1521
148 244 4590
148 277 3475
149 240 2802
149 251 577
149 263 4975
149 297 1390
150 170 3562
150 202 561
150 206 2248
150 228 545
151 172 4700
151 198 1542
151 217 2544
151 226 4272
151 249 2748
151 253 1994
151 264 1851
151 289 2211
152 159 1760
152 171 4997
152 187 4966
152 230 3725
153 160 3370
153 193 2687
153 284 2659
154 260 1181
154 283 1653
154 288 4832
155 159 2849
155 187 1270
155 235 4293
156 185 1055
156 186 3765
156 225 1547
156 253 4179
156 262 3148
156 297 4485
157 239 3852
157 265 4754
157 298 669
158 195 4734
158 236 1115
158 263 4854
159 256 2861
159 260 3378
160 206 4910
161 178 902
161 198 4160
161 218 220
161 232 903
161 288 4928
162 190 920
162 230 1158
162 264 469
162 300 3644
163 174 4883
163 202 3684
163 255 2479
163 277 2415
163 284 1769
164 178 3790
164 184 4533
164 185 1562
165 181 687
165 229 627
166 296 523
167 195 440
167 235 665
167 256 4652
168 216 4673
168 278 427
168 289 4706
169 229 3063
169 240 899
169 267 3599
169 278 4049
169 293 3744
170 241 1741
171 256 4284
172 191 2300
172 192 4004
172 242 4552
172 246 4995
172 274 604
173 189 3337
173 197 4740
173 223 3911
174 196 160
174 218 4433
174 239 495
174 250 4494
174 260 1751
174 279 2345
175 210 3394
175 220 3247
175 257 4004
175 281 260
176 231 2725
177 196 3169
177 218 2940
177 250 1336
177 251 3466
177 266 1599
177 287 316
178 183 2171
178 249 2549
178 272 4604
179 181 3866
179 213 2121
180 189 871
180 298 4570
181 196 2996
182 197 2312
182 259 2361
182 273 837
183 283 138
184 215 3873
186 193 4582
186 218 3885
186 293 2839
187 225 2996
187 230 3543
187 293 3365
188 198 307
190 239 376
190 275 3055
190 281 871
191 202 4898
191 224 3407
191 273 36
192 195 3036
192 205 545
192 272 3141
192 288 1519
193 239 2062
193 248 3947
193 290 2603
195 274 1674
195 275 2342
195 280 828
196 203 3035
196 250 3427
197 249 4407
197 251 921
198 248 3786
198 276 3782
199 249 3509
199 278 3333
200 202 3954
200 212 1672
200 224 1794
200 293 81
201 207 870
201 219 954
201 248 3556
202 237 1163
203 204 3479
203 226 2528
205 222 4144
205 242 1869
205 262 4486
206 236 4568
206 287 4944
207 214 4247
207 235 1364
207 246 4025
208 224 1905
208 274 779
209 260 3162
209 296 4381
210 246 3081
210 273 3246
210 286 1078
211 228 4704
211 281 719
211 292 1864
212 254 2592
212 275 881
212 288 4740
212 289 2
214 236 1742
214 252 188
215 292 1631
216 232 2059
217 269 590
217 282 2456
218 274 2347
218 289 2199
218 296 4005
220 269 2127
222 230 1141
222 269 4546
223 250 3623
224 298 753
225 228 3818
226 284 4072
227 270 3143
227 280 1651
227 289 4700
228 240 2729
229 260 2909
229 267 2778
230 284 3024
231 267 1090
231 269 4427
231 298 230
232 247 1580
232 251 3851
232 252 1989
233 262 4189
233 274 2016
234 238 1382
234 265 3180
234 298 1074
235 236 1865
235 257 3341
235 260 4039
235 267 965
235 273 4879
238 279 2429
238 284 1974
238 292 2820
239 255 2925
240 279 3776
240 300 3276
241 272 3189
241 296 2479
243 257 3885
243 287 64
244 269 196
244 273 1044
244 284 1991
246 268 2137
247 262 4741
247 283 2940
248 268 4805
250 279 4406
255 261 1843
255 265 65
255 296 1562
256 294 3052
257 278 734
257 287 4540
258 275 1084
258 281 4338
259 284 930
260 264 3145
260 299 4408
262 288 2099
263 296 3184
265 285 3886
266 279 4919
267 277 1952
269 275 1520
269 291 2614
270 299 3722
273 296 3191
275 291 205
276 278 375
276 297 1388
277 280 1618
277 289 1357
277 295 1853
279 290 4399
281 298 1822
287 289 878
289 299 1368
289 300 2683
296 297 1228
