100 1000
92 17 988
67 35 4227
35 93 3365
74 58 626
51 95 2714
66 53 2524
77 4 2623
51 44 192
43 15 3413
50 56 4317
48 45 2332
50 56 3851
98 95 4408
23 91 1805
75 45 818
7 33 7
29 40 4519
72 94 3777
24 29 3150
71 60 4745
93 32 3969
85 30 704
61 96 4408
74 36 4737
9 76 3435
3 2 1967
55 80 824
34 41 3497
69 69 4170
73 57 3637
6 76 167
91 15 4221
67 75 1207
76 70 1170
90 41 4320
73 57 2101
96 19 3161
66 16 148
100 64 319
76 97 767
53 7 703
6 54 2666
92 55 3793
23 6 4784
50 4 3861
84 2 790
30 94 718
31 19 1852
3 96 1992
49 8 3060
74 100 1237
36 10 2452
86 78 4797
28 11 1040
1 78 4414
17 94 3089
45 13 446
31 55 1311
17 36 357
84 81 4614
97 67 3757
63 57 4844
21 58 4628
29 41 723
30 54 3078
34 18 1559
89 20 417
64 69 4783
44 92 1295
83 24 1722
67 22 2673
23 54 557
69 20 4298
91 35 4508
62 30 3772
53 51 1755
80 36 2030
15 64 729
62 79 2427
80 80 4807
70 16 985
83 84 674
93 90 4510
82 10 1508
63 48 810
77 40 3529
44 2 4746
95 20 284
44 94 894
7 71 4336
21 24 1498
72 13 1670
43 79 4353
77 23 4315
93 24 2989
67 94 2905
10 70 383
55 59 1139
53 79 4592
10 6 1074
100 69 3450
25 61 4997
57 78 3389
9 3 1307
37 35 4854
12 56 1931
74 90 875
65 63 2957
56 50 571
93 89 4393
3 16 375
69 19 4543
54 27 298
92 54 4626
31 75 218
63 35 4399
68 86 1330
19 34 532
47 72 1300
59 71 2194
62 59 764
90 43 1242
4 50 785
98 51 1023
35 33 3677
86 16 3041
82 42 2722
34 94 1417
36 93 3636
21 51 4646
72 53 1711
24 4 780
84 43 1397
25 39 246
38 72 554
86 69 3015
91 23 2612
17 45 1549
85 51 2335
62 2 3452
30 75 4876
86 20 2068
6 25 1770
43 41 2756
46 71 545
94 98 221
19 51 1377
83 76 3791
25 65 3876
30 5 4161
85 32 1051
58 73 3483
14 35 3391
86 6 596
5 36 2216
73 34 1442
44 58 4794
50 24 2303
64 89 1843
57 27 3465
89 68 4628
58 93 3487
41 69 1332
37 83 3887
20 69 1173
37 1 884
30 52 34
33 79 2779
27 94 1235
62 78 3885
50 49 616
1 81 2945
93 6 4074
51 91 2186
74 3 2670
14 17 1630
32 68 768
87 71 1130
82 42 4091
31 16 915
34 25 3009
10 89 207
90 70 985
39 89 2071
81 58 1696
70 42 1031
96 68 1185
58 47 1336
19 82 2895
25 31 4292
72 47 3911
1 55 2283
88 98 3576
97 64 830
21 13 2713
62 80 1713
51 36 2556
6 80 80
74 74 1003
35 97 4877
75 16 1739
43 38 3985
62 80 2342
18 63 3549
18 100 1028
2 32 3468
32 52 1906
25 27 2677
86 95 4055
38 10 1090
54 97 4696
11 52 3250
6 69 3720
19 54 1446
10 74 4700
87 16 2438
4 54 4254
90 9 2314
26 17 2778
32 68 1519
89 92 3516
19 13 2649
21 37 3032
89 6 4357
8 25 279
9 21 3213
14 92 3732
22 91 4060
62 63 4593
73 44 2449
61 34 3182
71 24 2919
86 34 1956
64 94 266
51 29 3296
64 36 2550
89 48 106
45 4 546
54 49 4389
53 15 130
85 72 4684
91 27 4437
2 82 1455
38 38 4614
35 34 3041
5 95 4336
82 80 3573
78 24 4552
12 92 4761
70 45 3742
74 15 4012
56 92 217
92 16 2625
100 9 2997
15 60 4388
14 78 2201
84 81 4657
44 36 537
23 6 269
98 26 1527
14 39 1764
29 49 1824
72 36 4603
86 63 1536
75 12 911
69 19 3439
19 70 1727
39 69 3574
2 43 4413
10 91 4499
74 79 40
5 2 2547
29 34 3753
93 82 570
62 62 4561
17 46 3462
19 23 1740
8 33 2315
29 61 2292
27 52 2173
40 27 3729
11 96 2979
92 82 1598
37 99 2524
12 44 463
60 88 177
79 18 3708
68 73 4350
17 11 4519
53 53 2237
21 79 4062
14 19 962
49 16 590
93 15 1253
6 89 3842
59 54 848
19 93 4443
42 35 352
66 73 44
96 89 955
61 5 788
83 8 1160
8 100 395
90 39 3441
81 2 245
38 75 25
79 54 598
27 34 1194
74 5 1554
92 88 807
28 31 3320
43 40 86
11 93 2863
47 90 520
100 66 1410
100 57 946
79 61 469
79 78 477
56 25 32
74 62 900
35 74 23
32 31 3879
83 23 4846
77 21 3317
19 9 1325
75 93 231
15 79 2786
35 74 2534
58 5 3512
43 38 151
98 92 348
67 40 903
85 57 343
43 33 40
90 78 1998
11 14 1189
67 11 3265
89 53 2868
28 32 1382
37 48 3850
90 80 3490
77 4 3381
5 43 2971
37 33 1329
8 42 2914
27 97 4693
91 99 1246
53 55 3162
99 58 3124
33 71 2168
6 31 175
21 22 1899
58 48 4220
81 40 3327
21 10 980
43 5 3648
22 71 196
6 56 2471
71 95 4405
90 2 1532
24 90 2503
5 10 346
25 45 1138
63 19 1497
36 19 2391
21 36 2636
46 52 4704
77 24 4117
37 78 4267
55 77 2528
57 66 121
27 55 3806
38 47 2293
75 57 1124
10 30 3099
86 14 2735
80 75 291
35 68 1659
56 45 835
51 1 955
57 89 4874
50 82 2203
50 98 2035
96 28 2259
70 22 1971
44 62 1814
51 36 521
86 94 3259
100 49 2696
77 12 900
67 74 1673
31 54 1033
44 6 2079
66 1 3513
27 2 3373
53 45 3761
56 45 2746
79 50 4123
84 33 4450
24 28 1578
8 3 2062
10 51 272
51 79 4718
92 4 4686
65 70 905
55 14 1573
47 90 569
61 99 2161
35 8 3752
100 62 3178
96 84 2369
98 21 3519
49 2 906
51 61 1749
87 25 4586
20 28 4076
14 7 3798
70 90 636
26 85 3989
91 68 4254
7 24 2523
70 93 2663
14 18 3647
35 82 1325
76 93 1329
8 80 2829
50 25 2708
13 86 590
62 84 1499
64 3 1662
98 79 4949
87 94 21
52 33 3879
43 23 193
61 82 7
12 33 3682
64 82 4312
43 73 944
34 37 1629
7 9 718
45 4 4947
88 52 3841
73 60 1664
84 29 2989
83 86 673
46 82 1190
41 20 4045
12 74 1006
99 56 340
49 59 3920
33 2 3295
33 91 4449
5 44 3180
88 59 815
76 77 2694
5 43 2112
2 76 4459
17 59 1533
48 69 656
70 34 2290
53 23 1935
52 14 4397
74 17 991
2 23 3077
76 100 3768
14 53 1454
11 17 514
16 68 3162
71 11 4002
21 24 204
49 85 4767
60 67 541
6 12 2876
9 22 537
94 38 4768
6 92 2837
47 89 2369
73 46 128
52 31 476
57 19 3265
25 44 2357
78 23 4163
65 85 49
26 48 764
6 88 3604
27 66 3701
6 69 1728
82 96 195
35 90 263
59 26 1235
8 42 2265
4 66 1572
3 76 4384
71 5 2383
11 47 144
38 54 937
10 85 1432
59 45 4349
61 11 4928
48 21 2902
70 52 1893
31 56 1770
52 28 4550
59 69 328
77 95 3889
77 67 1825
96 72 1888
55 99 4479
36 62 4617
54 53 145
53 13 2255
6 54 1557
56 89 194
29 4 1156
48 59 2249
6 42 831
32 32 2002
39 97 577
7 92 1971
69 1 3396
15 92 2653
32 49 836
55 80 2903
40 45 3020
98 59 4605
9 82 2660
34 13 1058
27 63 355
48 48 623
19 82 1470
8 52 1097
31 87 87
20 34 1947
71 80 4505
89 97 3859
8 76 4262
47 98 4996
82 61 258
25 43 2393
29 21 1203
60 50 3617
75 27 3737
55 32 2765
8 4 2074
12 95 2618
83 44 828
48 41 897
26 65 3619
81 89 318
68 65 2682
71 81 2425
3 59 28
45 50 3963
14 39 378
16 75 3706
86 88 3626
3 21 399
78 22 3718
82 99 2923
69 95 3034
43 100 4054
76 93 3779
19 80 2100
42 18 1003
27 17 1860
95 42 1490
30 64 3350
45 23 4782
100 80 20
87 86 4524
92 88 347
44 50 1473
73 36 3769
42 23 385
63 56 2007
11 67 3105
48 47 4677
22 25 866
1 33 2846
82 94 502
31 35 4232
15 78 4937
42 44 936
88 1 2196
87 15 579
24 89 2197
23 7 4433
33 97 2791
62 74 3300
82 25 3794
51 61 476
26 29 2774
47 2 1252
20 82 1761
27 67 2411
4 50 2115
73 92 3062
17 44 21
62 8 4759
67 78 1426
44 86 1210
96 75 3910
45 34 1742
65 34 89
40 65 3210
53 23 3785
28 95 2758
30 9 656
78 49 380
76 76 631
73 33 2955
57 92 802
4 9 929
2 68 4245
17 65 3128
91 36 3026
99 24 1772
18 99 1461
8 52 4541
22 63 4553
95 97 814
46 55 2043
89 63 4533
65 53 1095
68 30 1329
81 69 4810
7 33 660
90 40 2296
87 83 2955
40 19 4377
58 51 3134
13 49 913
87 8 2629
20 100 5000
5 32 34
40 6 3100
36 16 4348
95 69 4080
94 34 567
10 34 2297
76 48 550
11 68 4010
42 27 1935
16 75 173
33 20 1328
46 66 1727
79 36 2939
44 2 1671
2 24 1935
59 17 1704
12 38 3182
72 59 361
2 34 4717
52 67 4599
97 77 1454
80 51 541
81 7 2358
65 45 2382
99 98 3480
88 99 56
9 47 3746
56 95 4750
77 88 1299
80 77 2059
92 85 1229
13 49 4980
58 60 4534
32 49 2352
19 98 557
16 34 3399
21 33 2605
30 12 1082
11 45 1131
1 55 493
52 61 3497
70 48 2217
97 75 2317
87 98 4950
33 53 2616
80 77 3308
8 16 1115
89 35 4297
38 53 1436
24 83 1304
58 63 2752
9 83 4046
62 84 375
31 84 2984
51 41 3690
15 56 1229
83 99 3359
69 55 3549
54 8 2540
85 60 3317
35 19 3157
35 9 1400
24 41 1851
66 50 4399
67 81 2555
53 71 406
19 91 3951
84 17 2549
58 24 3279
35 53 3861
14 87 3188
97 31 2397
45 34 2746
48 98 2404
54 11 2825
54 14 699
34 56 2182
99 9 1368
29 80 3408
87 21 670
99 9 1775
62 50 876
20 26 1399
50 81 2721
24 34 4279
48 43 248
43 21 333
83 48 1469
40 98 3016
54 93 3334
20 85 1784
67 30 1470
96 21 3157
40 94 2032
40 18 3917
11 46 3340
89 54 2802
65 65 1695
49 98 913
59 80 2091
36 48 844
100 37 1272
79 3 672
19 5 412
43 38 1715
93 37 1384
70 32 2747
65 63 2205
58 25 3278
64 48 842
100 79 3566
73 22 88
5 43 1366
89 28 4446
88 63 4178
61 70 1104
80 57 3928
88 29 1253
10 51 2415
96 22 1593
89 84 1565
42 79 4611
13 99 1590
34 16 4816
81 76 1291
60 83 3076
89 65 2510
92 58 249
58 25 904
10 6 289
97 32 1028
25 45 728
43 51 1333
2 78 1677
60 8 4887
63 61 2522
29 57 4361
34 94 1676
26 9 715
34 21 4685
69 44 2016
36 48 2212
86 93 1462
8 99 182
42 77 2611
22 38 327
6 15 42
24 22 4426
73 51 1160
9 36 4871
39 86 2417
88 50 2383
82 2 580
18 40 2755
18 37 4110
78 59 412
29 73 3631
90 64 4138
18 25 1755
54 50 1942
73 33 4960
80 94 3206
99 28 3686
90 30 221
88 87 4626
49 62 531
38 63 2258
68 31 2311
60 63 4343
79 84 440
78 11 1866
96 55 2571
84 77 3891
79 32 4749
16 15 4319
26 56 3648
30 65 3764
96 23 3166
66 89 4981
42 32 2136
39 94 3360
71 75 1535
77 27 2939
66 51 2456
48 86 798
17 81 4480
67 16 2465
43 59 1761
33 12 4024
58 97 3619
2 12 1974
19 98 1996
43 74 4457
84 14 1565
30 95 946
54 13 4937
62 86 3379
12 76 1010
93 44 3791
44 54 1193
63 88 2243
83 7 548
98 69 71
6 67 1206
2 89 1641
52 93 981
75 57 4482
68 9 1016
87 77 3314
91 11 1090
99 22 3190
6 62 2897
31 32 687
62 79 467
63 61 1699
10 59 3259
10 62 2115
52 100 4977
99 20 1278
69 12 4888
3 98 4632
90 75 1480
8 62 3070
84 58 123
3 32 810
77 37 3893
84 36 4669
73 34 4533
45 50 3024
100 13 2314
93 78 3920
79 20 1187
66 84 2807
23 55 672
30 88 2938
18 83 3455
15 90 4616
47 62 2228
50 10 2181
86 49 1180
43 15 3372
9 15 797
55 86 898
38 66 1286
20 55 2151
69 94 1380
2 53 4307
12 12 2377
100 80 4658
90 44 3006
36 32 1142
48 10 1193
41 41 1461
79 97 2631
1 60 67
17 29 1634
1 51 2900
69 19 3360
27 88 2153
92 63 2345
38 22 608
48 32 2435
42 6 1661
95 23 4371
1 99 3241
18 69 2964
1 95 1812
3 56 3093
64 62 4409
93 35 833
84 83 2
69 50 2564
26 97 4052
60 1 4158
20 16 307
77 25 4398
34 62 4534
48 31 2779
22 55 954
64 67 4689
87 14 2181
8 82 807
40 100 4687
69 68 4595
31 63 2760
84 63 4082
73 38 342
63 21 1905
49 100 3767
9 41 1077
40 18 2733
49 62 924
24 85 3188
61 33 3157
31 87 1149
25 76 1193
37 65 2146
41 8 1448
48 59 76
25 70 1417
76 95 1460
10 84 2399
48 68 113
47 62 4729
66 73 4088
40 28 989
67 13 4584
91 19 242
18 20 701
52 42 1422
51 30 1952
7 88 140
6 27 898
38 1 4188
56 5 4979
6 4 462
43 54 2857
27 78 2791
44 43 1926
72 56 3610
64 1 1147
39 29 1724
47 63 4481
73 25 2039
11 65 1132
74 80 3984
17 58 1640
77 99 2167
13 78 585
11 57 4788
19 7 1546
40 69 98
35 19 1753
57 82 4083
43 67 3104
58 78 2298
1 10 4682
30 65 2442
7 80 1170
68 51 1578
39 43 1292
65 44 631
41 26 3270
47 19 4809
97 42 3954
23 77 4670
4 27 2122
25 24 3380
71 84 2160
64 49 2816
61 8 2435
70 3 1090
33 3 1399
43 70 1229
83 91 4206
81 34 1137
92 93 3656
56 14 3748
21 10 2510
67 23 2866
37 55 1016
65 15 4056
74 36 4310
60 24 1097
74 4 4584
55 68 766
