100 905
1 5 1133
1 7 2251
1 27 403
1 31 649
1 38 2937
1 43 2768
1 44 304
1 48 330
1 49 637
1 52 3443
1 56 3801
1 58 2337
1 62 1241
1 68 2379
1 70 4921
1 72 4357
1 73 1458
1 78 2063
1 84 3894
1 87 965
1 88 3192
2 7 210
2 31 4071
2 34 4175
2 35 1851
2 40 2009
2 41 3337
2 53 3754
2 63 4181
2 73 384
2 75 4541
2 89 2210
2 95 2179
2 96 3886
3 9 3646
3 11 2973
3 23 3256
3 27 2488
3 33 4280
3 39 3839
3 43 3479
3 44 1830
3 51 2148
3 53 4306
3 55 3625
3 58 3189
3 62 4600
3 64 2018
3 74 1441
3 78 1938
3 89 3877
3 92 4926
4 9 1640
4 12 1396
4 13 2558
4 15 4611
4 19 2676
4 24 118
4 31 3031
4 35 4257
4 36 4105
4 49 194
4 61 1461
4 62 595
4 71 770
4 78 153
4 87 3582
4 96 2852
5 6 2410
5 8 719
5 28 4858
5 33 1759
5 36 567
5 40 533
5 49 3712
5 51 4418
5 52 3820
5 68 4864
5 70 844
5 74 4832
5 79 1107
5 81 4058
5 83 4914
5 91 1055
5 94 1036
5 99 4240
6 13 3148
6 14 3080
6 15 3790
6 21 2310
6 25 1252
6 35 691
6 48 3430
6 50 2723
6 54 3542
6 55 3247
6 56 101
6 57 192
6 62 1536
6 63 116
6 75 2080
6 77 4069
6 87 969
6 91 4842
6 93 3527
7 14 1964
7 19 2482
7 25 349
7 34 3328
7 38 2138
7 45 1910
7 46 722
7 50 4873
7 51 2028
7 53 1859
7 54 673
7 66 1544
7 67 3656
7 70 238
7 73 1703
7 75 2856
7 76 2292
7 77 2448
7 81 2462
7 82 647
7 83 268
7 91 4249
7 94 371
7 95 2386
7 97 3956
8 13 4203
8 20 1596
8 24 786
8 30 2604
8 36 2475
8 57 3388
8 73 2525
8 78 1189
8 79 4977
8 80 2362
8 82 4770
9 10 327
9 13 1197
9 17 55
9 18 4046
9 23 4768
9 24 277
9 31 417
9 34 4070
9 36 4753
9 40 2277
9 49 2157
9 50 482
9 54 3936
9 55 2332
9 60 140
9 69 3366
9 71 3119
9 79 1921
9 85 1814
9 91 3577
9 94 476
10 11 1069
10 14 4801
10 16 897
10 20 3674
10 24 4391
10 27 1724
10 32 2870
10 36 1772
10 40 462
10 41 4816
10 48 228
10 49 1928
10 52 1349
10 56 1112
10 60 796
10 63 276
10 65 1608
10 72 2501
10 75 1283
10 78 3810
10 80 684
11 14 2154
11 20 3772
11 24 4308
11 25 3329
11 28 4450
11 38 2419
11 46 514
11 53 920
11 55 374
11 65 3379
11 71 4945
11 74 480
11 81 555
11 88 1348
11 89 353
11 90 787
11 91 4863
11 100 4783
12 15 1247
12 16 4706
12 24 3956
12 25 1592
12 27 679
12 36 1384
12 62 215
12 63 2796
12 65 565
12 70 129
12 74 3954
12 85 2816
12 90 3665
12 91 2064
12 93 4378
12 94 4210
13 15 1882
13 18 1262
13 21 406
13 28 4120
13 33 3012
13 39 2133
13 41 353
13 49 2922
13 76 3478
13 88 2671
13 96 354
14 16 3303
14 26 2276
14 39 904
14 44 1813
14 45 3284
14 46 2928
14 57 3422
14 64 1175
14 67 1398
14 69 1188
14 73 4221
14 74 1072
14 87 1856
15 20 763
15 28 2036
15 31 4637
15 36 1690
15 38 2644
15 41 1265
15 46 1431
15 54 1301
15 55 929
15 69 3034
15 71 1740
15 73 2855
15 75 429
15 84 1632
15 91 1332
15 93 1760
15 97 4481
15 99 1700
15 100 3285
16 24 1157
16 28 915
16 42 1238
16 47 169
16 50 3123
16 59 3739
16 64 4924
16 65 560
16 68 3571
16 71 2456
16 78 4063
16 80 2680
16 81 4500
16 85 2376
16 92 4606
16 97 4450
16 99 236
17 37 2667
17 41 161
17 42 1779
17 47 3832
17 63 4937
17 75 3936
17 91 3373
18 19 1788
18 22 4946
18 26 2386
18 28 3870
18 32 3801
18 35 1189
18 41 841
18 46 4001
18 65 3909
18 70 1442
18 72 4044
18 86 3491
18 87 2240
18 93 2556
19 24 599
19 40 963
19 46 1854
19 52 3176
19 54 1425
19 55 2427
19 60 3701
19 61 4155
19 73 4330
19 77 3931
19 87 1184
19 95 899
19 99 2640
20 27 2751
20 38 4724
20 39 2719
20 49 2973
20 62 4585
20 68 1798
20 70 4624
20 74 4201
20 76 2765
20 77 1060
20 94 2252
21 28 2715
21 29 2548
21 36 4705
21 40 2489
21 44 3403
21 47 704
21 57 1692
21 72 4638
21 73 4832
21 74 3500
21 82 4053
21 89 4879
21 91 455
21 94 4850
22 32 1605
22 33 79
22 35 3015
22 48 70
22 61 3731
22 64 4299
22 66 3208
22 69 2073
22 70 2078
22 82 4139
22 84 1148
22 100 4890
23 30 3697
23 31 2010
23 34 3641
23 38 2174
23 41 843
23 43 3831
23 45 110
23 48 3017
23 49 3367
23 65 2333
23 88 472
24 27 3042
24 37 197
24 50 990
24 53 4942
24 54 2461
24 58 3947
24 92 2145
24 96 3373
25 33 375
25 34 1042
25 39 2644
25 44 932
25 48 3507
25 52 1961
25 59 2154
25 65 1966
25 70 476
25 74 742
25 75 2020
25 76 3247
25 82 3899
25 83 3074
25 84 234
25 86 4145
25 96 1673
25 99 4107
26 29 518
26 33 4800
26 35 2832
26 38 837
26 41 686
26 43 4639
26 50 2995
26 63 2112
26 68 3973
26 77 4145
26 87 3534
26 94 2404
26 100 3968
27 37 520
27 43 2501
27 44 2868
27 46 2773
27 50 2908
27 52 3206
27 60 2460
27 62 2507
27 63 2224
27 67 1116
27 68 1884
27 69 3658
27 77 3779
27 79 1932
27 82 1282
27 83 910
27 88 275
27 93 4049
27 100 3901
28 31 393
28 34 1744
28 35 3177
28 37 1587
28 39 2680
28 40 1263
28 57 4088
28 58 234
28 61 4652
28 70 876
28 71 1764
28 72 2969
28 73 2463
28 83 1923
28 85 4577
28 92 2812
28 94 3002
28 97 1237
28 100 149
29 34 608
29 38 1371
29 39 808
29 42 1091
29 44 463
29 48 512
29 57 1557
29 59 1533
29 63 2585
29 65 2221
29 78 1427
29 79 4579
29 81 663
29 87 1496
29 94 698
29 95 4000
29 97 1790
30 33 4137
30 62 776
30 73 2187
30 77 4743
30 78 2442
30 80 4932
30 84 4826
30 87 2417
30 89 3364
30 98 526
30 99 3166
31 38 3731
31 39 2596
31 41 4470
31 46 3541
31 52 2945
31 54 1793
31 64 1472
31 70 700
31 73 2364
31 78 1151
31 79 2267
31 85 1736
31 93 389
31 100 2608
32 36 2634
32 55 4870
32 61 325
32 78 1193
32 82 676
32 83 2636
32 88 3655
32 96 2239
33 34 3120
33 37 1352
33 46 3201
33 52 4685
33 66 3956
33 68 4205
33 69 987
33 75 1692
33 78 4503
33 86 4833
33 89 281
33 96 2793
34 38 3254
34 40 699
34 47 4280
34 48 2931
34 50 3950
34 61 2374
34 63 4363
34 68 2028
34 74 2084
34 76 4117
34 79 4731
34 82 2776
34 86 1202
34 94 228
35 48 2560
35 54 2387
35 60 872
35 73 3364
35 87 3582
35 88 3907
35 100 3542
36 40 3395
36 46 3035
36 55 1021
36 69 2989
36 71 2456
36 80 21
36 85 2659
36 87 3757
36 95 216
36 96 4987
37 45 4954
37 51 4895
37 58 1922
37 61 2764
37 68 4767
37 76 1418
37 80 921
37 82 2378
37 87 1845
37 94 3614
37 97 3973
37 98 4985
37 99 1308
38 40 2099
38 48 1405
38 54 1872
38 56 2846
38 58 2434
38 62 3016
38 78 4068
39 46 1431
39 51 4952
39 61 3355
39 62 282
39 66 2566
39 75 273
39 76 3792
39 78 3589
39 93 4807
39 96 264
40 46 4972
40 55 2591
40 59 392
40 61 1595
40 71 1215
40 72 1820
40 74 4498
40 75 2958
40 79 4853
40 84 4576
40 87 186
40 90 4188
40 93 263
41 47 437
41 53 3640
41 62 4641
41 64 169
41 82 20
41 89 4601
42 51 397
42 52 1503
42 56 2411
42 64 2177
42 70 2125
42 71 1289
42 83 3680
42 86 4014
42 87 3652
42 88 1509
42 90 2427
43 49 2496
43 61 2182
43 71 3657
43 87 2769
43 93 2570
43 94 1942
44 62 621
44 65 3703
44 67 2797
44 70 3121
44 72 4771
44 73 3422
44 80 196
44 90 474
44 95 1544
44 96 496
44 97 829
44 99 3888
45 48 297
45 65 3727
45 72 3020
45 88 4708
45 89 2233
45 91 1135
45 93 236
45 95 2215
45 98 858
46 49 1626
46 50 995
46 53 4543
46 56 733
46 65 1956
46 73 4096
46 78 711
46 91 3399
46 96 4792
46 97 236
46 100 1413
47 48 2875
47 50 621
47 51 3421
47 54 2224
47 55 73
47 56 1557
47 58 194
47 64 1280
47 67 1615
47 70 2796
47 73 1788
47 75 1777
47 81 3570
47 87 659
47 88 1758
47 89 4464
47 90 4022
47 92 4369
47 94 4115
48 50 2514
48 61 1725
48 65 545
48 73 3829
48 78 1640
48 80 1778
48 82 267
48 87 3580
48 88 646
48 89 572
48 94 4397
48 95 2138
48 97 2413
49 56 4291
49 58 2539
49 61 3886
49 63 688
49 67 3438
49 68 694
49 75 2746
49 76 1671
49 90 3364
49 92 3147
49 95 1875
50 54 2287
50 58 4420
50 61 2811
50 64 1616
50 77 1194
50 79 2069
50 84 483
50 86 1930
50 88 4445
50 95 1264
51 55 489
51 59 3073
51 63 355
51 71 900
51 73 1797
51 75 4437
51 82 770
51 89 765
51 90 4900
51 91 4013
51 93 2261
51 95 2385
52 57 83
52 62 2687
52 65 2809
52 66 4147
52 70 3297
52 75 4570
52 78 3589
52 80 4874
52 86 1803
52 87 1910
52 89 2994
52 95 684
52 96 3731
53 74 1894
53 77 685
53 78 2194
53 86 2895
53 94 1029
54 60 2563
54 74 3738
54 77 4732
54 90 3930
54 94 2134
55 62 859
55 73 2680
55 74 3794
55 77 2114
55 83 4993
55 87 4099
55 89 1564
55 91 2232
55 94 4406
55 100 2448
56 61 1383
56 63 901
56 65 1724
56 95 791
56 98 297
57 65 2335
57 80 2458
57 98 4645
58 64 2441
58 81 2315
58 82 632
58 88 3801
58 92 3471
58 94 1928
59 62 4709
59 67 2262
59 68 2031
59 71 4409
59 74 3929
59 86 2006
59 97 963
60 63 2921
60 73 1372
60 76 303
60 80 4932
60 99 1861
60 100 3466
61 66 703
61 71 407
61 74 3851
61 75 1972
61 86 826
61 94 2307
62 67 25
62 68 525
62 71 1174
62 73 3411
62 92 1462
62 93 1287
62 99 3185
63 67 4474
63 68 2018
63 70 1376
63 74 924
63 81 868
63 85 254
63 86 778
63 89 689
64 65 3745
64 83 3818
64 84 1615
65 73 815
65 81 435
65 87 3483
65 88 3208
65 93 4584
65 94 1806
65 97 884
65 99 3031
66 71 4608
66 74 4622
66 79 3165
66 85 3005
66 86 616
66 87 2252
66 89 3833
67 70 25
67 81 4195
67 90 3021
67 97 1139
68 72 396
68 74 243
68 79 3000
68 82 3127
68 85 1242
68 86 2294
68 90 2453
68 98 971
68 100 4804
69 73 3694
69 74 2258
69 78 4434
69 79 3684
69 80 1342
69 93 1996
70 74 3637
70 75 1986
70 79 4108
70 84 495
70 85 479
70 86 4420
70 88 2553
70 90 61
70 92 1635
70 96 3418
70 97 181
71 76 3414
71 79 1310
71 80 1073
71 88 3214
71 90 918
71 95 4189
72 77 1219
72 78 1583
72 93 953
72 97 2630
72 99 3172
73 75 775
73 76 4267
73 77 4098
73 82 3190
73 86 4098
74 78 2851
74 82 3609
74 89 1344
74 92 4329
75 79 663
75 84 3165
75 90 4771
75 91 1851
75 97 4466
75 100 2500
76 89 4180
76 91 2544
76 96 3515
76 98 2014
77 79 4668
77 86 2119
77 88 4751
77 89 2341
77 98 2965
78 83 2495
78 90 3751
78 95 581
78 99 3371
79 80 4667
79 82 4361
79 86 505
79 89 798
79 95 1231
79 96 965
80 82 2147
80 90 4939
80 91 4468
80 92 3872
80 94 4587
81 91 4307
82 92 476
82 96 3246
83 84 4044
83 88 1273
83 96 1523
83 100 3250
84 98 4509
86 95 3230
86 99 1261
87 90 2752
87 95 4990
88 91 2113
88 92 1905
88 93 112
88 95 1627
89 90 2409
89 97 1721
89 100 1753
90 91 2015
90 92 3149
90 95 1897
90 97 957
91 99 3545
92 93 1606
92 99 4100
93 94 933
93 96 3287
93 99 2088
95 100 305
96 99 3307
96 100 621
97 100 256
98 99 3865
